# wavelength(nm) intensity(au)
6.001319999999999482e+02 4.785000000000000142e+01
6.003880000000000337e+02 6.285000000000000142e+01
6.006449999999999818e+02 6.185000000000000142e+01
6.009009999999999536e+02 6.085000000000000142e+01
6.011570000000000391e+02 5.185000000000000142e+01
6.014130000000000109e+02 7.284999999999999432e+01
6.016699999999999591e+02 5.785000000000000142e+01
6.019260000000000446e+02 7.884999999999999432e+01
6.021820000000000164e+02 5.485000000000000142e+01
6.024389999999999645e+02 8.184999999999999432e+01
6.026950000000000500e+02 6.285000000000000142e+01
6.029510000000000218e+02 6.385000000000000142e+01
6.032069999999999936e+02 5.685000000000000142e+01
6.034640000000000555e+02 7.984999999999999432e+01
6.037200000000000273e+02 6.285000000000000142e+01
6.039759999999999991e+02 6.185000000000000142e+01
6.042319999999999709e+02 6.584999999999999432e+01
6.044890000000000327e+02 5.685000000000000142e+01
6.047450000000000045e+02 6.984999999999999432e+01
6.050009999999999764e+02 6.285000000000000142e+01
6.052569999999999482e+02 6.185000000000000142e+01
6.055130000000000337e+02 5.385000000000000142e+01
6.057699999999999818e+02 7.784999999999999432e+01
6.060259999999999536e+02 7.284999999999999432e+01
6.062820000000000391e+02 7.684999999999999432e+01
6.065380000000000109e+02 6.884999999999999432e+01
6.067939999999999827e+02 8.184999999999999432e+01
6.070499999999999545e+02 7.184999999999999432e+01
6.073060000000000400e+02 8.084999999999999432e+01
6.075629999999999882e+02 7.984999999999999432e+01
6.078189999999999600e+02 8.084999999999999432e+01
6.080750000000000455e+02 7.384999999999999432e+01
6.083310000000000173e+02 7.584999999999999432e+01
6.085869999999999891e+02 6.484999999999999432e+01
6.088429999999999609e+02 8.384999999999999432e+01
6.090990000000000464e+02 7.484999999999999432e+01
6.093550000000000182e+02 9.384999999999999432e+01
6.096109999999999900e+02 9.184999999999999432e+01
6.098669999999999618e+02 8.384999999999999432e+01
6.101230000000000473e+02 7.984999999999999432e+01
6.103790000000000191e+02 8.384999999999999432e+01
6.106349999999999909e+02 9.484999999999999432e+01
6.108909999999999627e+02 1.018499999999999943e+02
6.111470000000000482e+02 8.884999999999999432e+01
6.114030000000000200e+02 8.884999999999999432e+01
6.116589999999999918e+02 1.088499999999999943e+02
6.119149999999999636e+02 1.028499999999999943e+02
6.121710000000000491e+02 1.188499999999999943e+02
6.124270000000000209e+02 1.058499999999999943e+02
6.126829999999999927e+02 1.078499999999999943e+02
6.129389999999999645e+02 1.088499999999999943e+02
6.131950000000000500e+02 1.328499999999999943e+02
6.134510000000000218e+02 9.684999999999999432e+01
6.137069999999999936e+02 1.228499999999999943e+02
6.139629999999999654e+02 1.258499999999999943e+02
6.142190000000000509e+02 1.248499999999999943e+02
6.144740000000000464e+02 1.238499999999999943e+02
6.147300000000000182e+02 1.278499999999999943e+02
6.149859999999999900e+02 1.418499999999999943e+02
6.152419999999999618e+02 1.328499999999999943e+02
6.154980000000000473e+02 1.378499999999999943e+02
6.157540000000000191e+02 1.288499999999999943e+02
6.160099999999999909e+02 1.558499999999999943e+02
6.162649999999999864e+02 1.418499999999999943e+02
6.165209999999999582e+02 1.458499999999999943e+02
6.167770000000000437e+02 1.528499999999999943e+02
6.170330000000000155e+02 1.548499999999999943e+02
6.172889999999999873e+02 1.608499999999999943e+02
6.175439999999999827e+02 1.648499999999999943e+02
6.177999999999999545e+02 1.408499999999999943e+02
6.180560000000000400e+02 1.648499999999999943e+02
6.183120000000000118e+02 1.448499999999999943e+02
6.185679999999999836e+02 1.628499999999999943e+02
6.188229999999999791e+02 1.438499999999999943e+02
6.190789999999999509e+02 1.608499999999999943e+02
6.193350000000000364e+02 1.408499999999999943e+02
6.195900000000000318e+02 1.628499999999999943e+02
6.198460000000000036e+02 1.588499999999999943e+02
6.201019999999999754e+02 1.858499999999999943e+02
6.203579999999999472e+02 2.048499999999999943e+02
6.206130000000000564e+02 2.038499999999999943e+02
6.208690000000000282e+02 2.078499999999999943e+02
6.211250000000000000e+02 2.128499999999999943e+02
6.213799999999999955e+02 2.168499999999999943e+02
6.216359999999999673e+02 2.218499999999999943e+02
6.218920000000000528e+02 2.048499999999999943e+02
6.221470000000000482e+02 2.268499999999999943e+02
6.224030000000000200e+02 2.378499999999999943e+02
6.226580000000000155e+02 2.578500000000000227e+02
6.229139999999999873e+02 2.498499999999999943e+02
6.231699999999999591e+02 2.708500000000000227e+02
6.234249999999999545e+02 2.968500000000000227e+02
6.236810000000000400e+02 3.048500000000000227e+02
6.239360000000000355e+02 2.908500000000000227e+02
6.241920000000000073e+02 2.918500000000000227e+02
6.244479999999999791e+02 2.968500000000000227e+02
6.247029999999999745e+02 2.708500000000000227e+02
6.249589999999999463e+02 3.108500000000000227e+02
6.252140000000000555e+02 3.528500000000000227e+02
6.254700000000000273e+02 3.698500000000000227e+02
6.257250000000000227e+02 3.898500000000000227e+02
6.259809999999999945e+02 4.318500000000000227e+02
6.262359999999999900e+02 4.198500000000000227e+02
6.264919999999999618e+02 4.068500000000000227e+02
6.267469999999999573e+02 4.018500000000000227e+02
6.270030000000000427e+02 4.008500000000000227e+02
6.272580000000000382e+02 4.308500000000000227e+02
6.275140000000000100e+02 4.478500000000000227e+02
6.277690000000000055e+02 4.778500000000000227e+02
6.280240000000000009e+02 4.988500000000000227e+02
6.282799999999999727e+02 4.838500000000000227e+02
6.285349999999999682e+02 5.338500000000000227e+02
6.287910000000000537e+02 5.158500000000000227e+02
6.290460000000000491e+02 5.368500000000000227e+02
6.293020000000000209e+02 5.938500000000000227e+02
6.295570000000000164e+02 6.528500000000000227e+02
6.298120000000000118e+02 5.818500000000000227e+02
6.300679999999999836e+02 6.058500000000000227e+02
6.303229999999999791e+02 6.358500000000000227e+02
6.305779999999999745e+02 6.668500000000000227e+02
6.308339999999999463e+02 6.728500000000000227e+02
6.310890000000000555e+02 6.618500000000000227e+02
6.313440000000000509e+02 6.958500000000000227e+02
6.316000000000000227e+02 7.368500000000000227e+02
6.318550000000000182e+02 7.598500000000000227e+02
6.321100000000000136e+02 7.928500000000000227e+02
6.323659999999999854e+02 8.198500000000000227e+02
6.326209999999999809e+02 8.118500000000000227e+02
6.328759999999999764e+02 8.698500000000000227e+02
6.331319999999999482e+02 9.128500000000000227e+02
6.333869999999999436e+02 9.298500000000000227e+02
6.336420000000000528e+02 1.016850000000000023e+03
6.338970000000000482e+02 1.052849999999999909e+03
6.341530000000000200e+02 1.047849999999999909e+03
6.344080000000000155e+02 1.155849999999999909e+03
6.346630000000000109e+02 1.187849999999999909e+03
6.349180000000000064e+02 1.136849999999999909e+03
6.351730000000000018e+02 1.145849999999999909e+03
6.354289999999999736e+02 1.117849999999999909e+03
6.356839999999999691e+02 1.229849999999999909e+03
6.359389999999999645e+02 1.303849999999999909e+03
6.361939999999999600e+02 1.343849999999999909e+03
6.364489999999999554e+02 1.391849999999999909e+03
6.367050000000000409e+02 1.504849999999999909e+03
6.369600000000000364e+02 1.517849999999999909e+03
6.372150000000000318e+02 1.495849999999999909e+03
6.374700000000000273e+02 1.565849999999999909e+03
6.377250000000000227e+02 1.622849999999999909e+03
6.379800000000000182e+02 1.776849999999999909e+03
6.382350000000000136e+02 1.858849999999999909e+03
6.384900000000000091e+02 1.909849999999999909e+03
6.387450000000000045e+02 1.837849999999999909e+03
6.390009999999999764e+02 1.965849999999999909e+03
6.392559999999999718e+02 2.102849999999999909e+03
6.395109999999999673e+02 2.202849999999999909e+03
6.397659999999999627e+02 2.323849999999999909e+03
6.400209999999999582e+02 2.480849999999999909e+03
6.402759999999999536e+02 2.551849999999999909e+03
6.405309999999999491e+02 2.713849999999999909e+03
6.407859999999999445e+02 2.787849999999999909e+03
6.410410000000000537e+02 2.877849999999999909e+03
6.412960000000000491e+02 3.217849999999999909e+03
6.415510000000000446e+02 3.239849999999999909e+03
6.418060000000000400e+02 3.075849999999999909e+03
6.420610000000000355e+02 2.947849999999999909e+03
6.423160000000000309e+02 3.187849999999999909e+03
6.425710000000000264e+02 3.504849999999999909e+03
6.428260000000000218e+02 3.611849999999999909e+03
6.430810000000000173e+02 3.567849999999999909e+03
6.433360000000000127e+02 3.339849999999999909e+03
6.435910000000000082e+02 3.362849999999999909e+03
6.438450000000000273e+02 3.364849999999999909e+03
6.441000000000000227e+02 3.668849999999999909e+03
6.443550000000000182e+02 4.045849999999999909e+03
6.446100000000000136e+02 4.388850000000000364e+03
6.448650000000000091e+02 4.475850000000000364e+03
6.451200000000000045e+02 4.715850000000000364e+03
6.453750000000000000e+02 4.809850000000000364e+03
6.456299999999999955e+02 5.083850000000000364e+03
6.458849999999999909e+02 5.245850000000000364e+03
6.461390000000000100e+02 5.763850000000000364e+03
6.463940000000000055e+02 6.184850000000000364e+03
6.466490000000000009e+02 6.741850000000000364e+03
6.469039999999999964e+02 7.658850000000000364e+03
6.471589999999999918e+02 7.612850000000000364e+03
6.474130000000000109e+02 7.532850000000000364e+03
6.476680000000000064e+02 7.458850000000000364e+03
6.479230000000000018e+02 7.340850000000000364e+03
6.481779999999999973e+02 7.318850000000000364e+03
6.484329999999999927e+02 7.341850000000000364e+03
6.486870000000000118e+02 7.792850000000000364e+03
6.489420000000000073e+02 8.069850000000000364e+03
6.491970000000000027e+02 8.156850000000000364e+03
6.494519999999999982e+02 8.468850000000000364e+03
6.497060000000000173e+02 8.575850000000000364e+03
6.499610000000000127e+02 8.649850000000000364e+03
6.502160000000000082e+02 8.516850000000000364e+03
6.504700000000000273e+02 8.487850000000000364e+03
6.507250000000000227e+02 8.246850000000000364e+03
6.509800000000000182e+02 8.580850000000000364e+03
6.512340000000000373e+02 9.062850000000000364e+03
6.514890000000000327e+02 9.477850000000000364e+03
6.517440000000000282e+02 9.354850000000000364e+03
6.519980000000000473e+02 9.440850000000000364e+03
6.522530000000000427e+02 9.485850000000000364e+03
6.525080000000000382e+02 9.089850000000000364e+03
6.527619999999999436e+02 9.012850000000000364e+03
6.530170000000000528e+02 8.866850000000000364e+03
6.532720000000000482e+02 8.869850000000000364e+03
6.535259999999999536e+02 8.613850000000000364e+03
6.537809999999999491e+02 8.828850000000000364e+03
6.540349999999999682e+02 9.265850000000000364e+03
6.542899999999999636e+02 9.785850000000000364e+03
6.545439999999999827e+02 9.677850000000000364e+03
6.547989999999999782e+02 9.121850000000000364e+03
6.550539999999999736e+02 8.930850000000000364e+03
6.553079999999999927e+02 8.857850000000000364e+03
6.555629999999999882e+02 8.803850000000000364e+03
6.558170000000000073e+02 9.027850000000000364e+03
6.560720000000000027e+02 8.968850000000000364e+03
6.563260000000000218e+02 8.869850000000000364e+03
6.565810000000000173e+02 8.428850000000000364e+03
6.568350000000000364e+02 8.006850000000000364e+03
6.570900000000000318e+02 7.492850000000000364e+03
6.573440000000000509e+02 7.163850000000000364e+03
6.575990000000000464e+02 7.144850000000000364e+03
6.578529999999999518e+02 7.034850000000000364e+03
6.581069999999999709e+02 6.344850000000000364e+03
6.583619999999999663e+02 5.907850000000000364e+03
6.586159999999999854e+02 5.816850000000000364e+03
6.588709999999999809e+02 5.547850000000000364e+03
6.591250000000000000e+02 5.625850000000000364e+03
6.593799999999999955e+02 5.878850000000000364e+03
6.596340000000000146e+02 5.988850000000000364e+03
6.598880000000000337e+02 5.951850000000000364e+03
6.601430000000000291e+02 5.678850000000000364e+03
6.603970000000000482e+02 5.501850000000000364e+03
6.606509999999999536e+02 5.385850000000000364e+03
6.609059999999999491e+02 5.328850000000000364e+03
6.611599999999999682e+02 5.009850000000000364e+03
6.614139999999999873e+02 4.459850000000000364e+03
6.616689999999999827e+02 3.916849999999999909e+03
6.619230000000000018e+02 3.626849999999999909e+03
6.621770000000000209e+02 3.412849999999999909e+03
6.624320000000000164e+02 3.452849999999999909e+03
6.626860000000000355e+02 3.470849999999999909e+03
6.629400000000000546e+02 3.484849999999999909e+03
6.631950000000000500e+02 3.411849999999999909e+03
6.634489999999999554e+02 3.261849999999999909e+03
6.637029999999999745e+02 3.148849999999999909e+03
6.639569999999999936e+02 2.933849999999999909e+03
6.642119999999999891e+02 2.918849999999999909e+03
6.644660000000000082e+02 2.890849999999999909e+03
6.647200000000000273e+02 2.873849999999999909e+03
6.649740000000000464e+02 2.791849999999999909e+03
6.652279999999999518e+02 2.729849999999999909e+03
6.654829999999999472e+02 2.798849999999999909e+03
6.657369999999999663e+02 2.783849999999999909e+03
6.659909999999999854e+02 2.614849999999999909e+03
6.662450000000000045e+02 2.577849999999999909e+03
6.664990000000000236e+02 2.328849999999999909e+03
6.667540000000000191e+02 2.209849999999999909e+03
6.670080000000000382e+02 2.132849999999999909e+03
6.672619999999999436e+02 2.005849999999999909e+03
6.675159999999999627e+02 1.943849999999999909e+03
6.677699999999999818e+02 1.825849999999999909e+03
6.680240000000000009e+02 1.726849999999999909e+03
6.682780000000000200e+02 1.767849999999999909e+03
6.685320000000000391e+02 1.672849999999999909e+03
6.687859999999999445e+02 1.565849999999999909e+03
6.690410000000000537e+02 1.549849999999999909e+03
6.692949999999999591e+02 1.529849999999999909e+03
6.695489999999999782e+02 1.459849999999999909e+03
6.698029999999999973e+02 1.424849999999999909e+03
6.700570000000000164e+02 1.384849999999999909e+03
6.703110000000000355e+02 1.318849999999999909e+03
6.705650000000000546e+02 1.248849999999999909e+03
6.708189999999999600e+02 1.146849999999999909e+03
6.710729999999999791e+02 1.057849999999999909e+03
6.713269999999999982e+02 1.060849999999999909e+03
6.715810000000000173e+02 1.041849999999999909e+03
6.718350000000000364e+02 1.008850000000000023e+03
6.720890000000000555e+02 9.408500000000000227e+02
6.723429999999999609e+02 9.458500000000000227e+02
6.725969999999999800e+02 9.218500000000000227e+02
6.728509999999999991e+02 8.768500000000000227e+02
6.731050000000000182e+02 8.338500000000000227e+02
6.733590000000000373e+02 7.398500000000000227e+02
6.736119999999999663e+02 7.378500000000000227e+02
6.738659999999999854e+02 7.418500000000000227e+02
6.741200000000000045e+02 7.368500000000000227e+02
6.743740000000000236e+02 7.588500000000000227e+02
6.746280000000000427e+02 7.728500000000000227e+02
6.748819999999999482e+02 7.148500000000000227e+02
6.751359999999999673e+02 7.188500000000000227e+02
6.753899999999999864e+02 6.628500000000000227e+02
6.756440000000000055e+02 5.868500000000000227e+02
6.758970000000000482e+02 5.738500000000000227e+02
6.761509999999999536e+02 5.718500000000000227e+02
6.764049999999999727e+02 5.078500000000000227e+02
6.766589999999999918e+02 5.008500000000000227e+02
6.769130000000000109e+02 5.278500000000000227e+02
6.771670000000000300e+02 4.958500000000000227e+02
6.774199999999999591e+02 4.808500000000000227e+02
6.776739999999999782e+02 4.528500000000000227e+02
6.779279999999999973e+02 4.408500000000000227e+02
6.781820000000000164e+02 4.408500000000000227e+02
6.784349999999999454e+02 4.818500000000000227e+02
6.786889999999999645e+02 4.648500000000000227e+02
6.789429999999999836e+02 4.358500000000000227e+02
6.791970000000000027e+02 4.248500000000000227e+02
6.794500000000000455e+02 3.788500000000000227e+02
6.797039999999999509e+02 3.608500000000000227e+02
6.799579999999999700e+02 3.488500000000000227e+02
6.802110000000000127e+02 3.368500000000000227e+02
6.804650000000000318e+02 3.328500000000000227e+02
6.807190000000000509e+02 3.188500000000000227e+02
6.809729999999999563e+02 2.958500000000000227e+02
6.812259999999999991e+02 2.998500000000000227e+02
6.814800000000000182e+02 2.788500000000000227e+02
6.817340000000000373e+02 2.538499999999999943e+02
6.819869999999999663e+02 2.638500000000000227e+02
6.822409999999999854e+02 2.208499999999999943e+02
6.824940000000000282e+02 2.588500000000000227e+02
6.827480000000000473e+02 2.758500000000000227e+02
6.830019999999999527e+02 2.578500000000000227e+02
6.832549999999999955e+02 2.538499999999999943e+02
6.835090000000000146e+02 2.438499999999999943e+02
6.837619999999999436e+02 2.368499999999999943e+02
6.840159999999999627e+02 2.088499999999999943e+02
6.842699999999999818e+02 2.058499999999999943e+02
6.845230000000000246e+02 2.228499999999999943e+02
6.847770000000000437e+02 2.188499999999999943e+02
6.850299999999999727e+02 2.048499999999999943e+02
6.852839999999999918e+02 1.938499999999999943e+02
6.855370000000000346e+02 2.018499999999999943e+02
6.857910000000000537e+02 1.758499999999999943e+02
6.860439999999999827e+02 1.568499999999999943e+02
6.862980000000000018e+02 1.488499999999999943e+02
6.865510000000000446e+02 1.398499999999999943e+02
6.868049999999999500e+02 1.608499999999999943e+02
6.870579999999999927e+02 1.448499999999999943e+02
6.873120000000000118e+02 1.488499999999999943e+02
6.875650000000000546e+02 1.328499999999999943e+02
6.878189999999999600e+02 1.298499999999999943e+02
6.880720000000000027e+02 1.278499999999999943e+02
6.883250000000000455e+02 1.328499999999999943e+02
6.885789999999999509e+02 1.378499999999999943e+02
6.888319999999999936e+02 1.448499999999999943e+02
6.890860000000000127e+02 1.568499999999999943e+02
6.893390000000000555e+02 1.348499999999999943e+02
6.895919999999999845e+02 1.458499999999999943e+02
6.898460000000000036e+02 1.418499999999999943e+02
6.900990000000000464e+02 1.288499999999999943e+02
6.903529999999999518e+02 1.308499999999999943e+02
6.906059999999999945e+02 1.278499999999999943e+02
6.908590000000000373e+02 1.048499999999999943e+02
6.911130000000000564e+02 1.058499999999999943e+02
6.913659999999999854e+02 1.018499999999999943e+02
6.916190000000000282e+02 9.584999999999999432e+01
6.918719999999999573e+02 1.058499999999999943e+02
6.921259999999999764e+02 1.078499999999999943e+02
6.923790000000000191e+02 1.228499999999999943e+02
6.926319999999999482e+02 9.784999999999999432e+01
6.928859999999999673e+02 1.218499999999999943e+02
6.931390000000000100e+02 1.048499999999999943e+02
6.933920000000000528e+02 9.484999999999999432e+01
6.936449999999999818e+02 1.038499999999999943e+02
6.938990000000000009e+02 9.084999999999999432e+01
6.941520000000000437e+02 9.184999999999999432e+01
6.944049999999999727e+02 9.684999999999999432e+01
6.946580000000000155e+02 9.684999999999999432e+01
6.949120000000000346e+02 8.284999999999999432e+01
6.951649999999999636e+02 1.038499999999999943e+02
6.954180000000000064e+02 9.884999999999999432e+01
6.956710000000000491e+02 9.784999999999999432e+01
6.959239999999999782e+02 7.384999999999999432e+01
6.961770000000000209e+02 7.684999999999999432e+01
6.964310000000000400e+02 7.884999999999999432e+01
6.966839999999999691e+02 7.184999999999999432e+01
6.969370000000000118e+02 9.384999999999999432e+01
6.971900000000000546e+02 9.284999999999999432e+01
6.974429999999999836e+02 1.018499999999999943e+02
6.976960000000000264e+02 9.184999999999999432e+01
6.979489999999999554e+02 8.884999999999999432e+01
6.982019999999999982e+02 7.384999999999999432e+01
6.984550000000000409e+02 8.784999999999999432e+01
6.987089999999999463e+02 7.684999999999999432e+01
6.989619999999999891e+02 8.184999999999999432e+01
6.992150000000000318e+02 9.384999999999999432e+01
6.994679999999999609e+02 9.684999999999999432e+01
6.997210000000000036e+02 8.184999999999999432e+01
6.999740000000000464e+02 8.084999999999999432e+01
