51.014675
51.028690
51.042004
51.054729
51.067043
51.078712
51.090088
51.100948
51.111610
51.121830
51.131725
51.141396
51.150784
51.159901
51.168861
51.177666
51.186096
51.194469
51.202667
51.210655
51.218533
51.226208
51.233841
51.241245
51.248577
51.255795
51.262871
51.269775
51.276798
51.283562
51.290230
51.296783
51.303402
51.309803
51.316235
51.322498
51.328671
51.334778
51.340931
51.346931
51.352932
51.358864
51.364552
51.370415
51.376171
51.381866
51.387459
51.393066
51.398479
51.404018
51.409405
51.414810
51.420124
51.425472
51.430752
51.435932
51.441147
51.446266
51.451344
51.456413
51.461502
51.466492
51.471413
51.476398
51.481216
51.486145
51.490883
51.495705
51.500477
51.505310
51.509995
51.514736
51.519390
51.524017
51.528576
51.533199
51.537712
51.542389
51.546780
51.551338
51.555733
51.560150
51.564590
51.568966
51.573349
51.577736
51.581951
51.586418
51.590687
51.594963
51.599129
51.603333
51.607632
51.611725
51.615913
51.620152
51.624264
51.628414
51.632477
51.636642
51.640583
51.644608
51.648663
51.652721
51.656666
51.660667
51.664658
51.668663
51.672497
51.676483
51.680389
51.684269
51.688152
51.692047
51.695862
51.699780
51.703571
51.707359
51.711128
51.714897
51.718674
51.722469
51.726192
51.729908
51.733604
51.737324
51.741116
51.744686
51.748512
51.752148
51.755680
51.759396
51.763035
51.766624
51.770256
51.773880
51.777428
51.780952
51.784473
51.788059
51.791645
51.795174
51.798660
51.802204
51.805664
51.809120
51.812611
51.816120
51.819546
51.822983
51.826447
51.829876
51.833332
51.836697
51.840179
51.843655
51.846951
51.850407
51.853714
51.857121
51.860348
51.863724
51.867039
51.870415
51.873779
51.877029
51.880352
51.883667
51.886913
51.890247
51.893467
51.896709
51.899986
51.903233
51.906487
51.909740
51.912964
51.916153
51.919418
51.922695
51.925850
51.928967
51.932182
51.935299
51.938522
51.941586
51.944847
51.947998
51.951145
51.954342
51.957363
51.960514
51.963562
51.966702
51.969883
51.973007
51.975990
51.979031
51.982170
51.985249
51.988293
51.991364
51.994438
51.997433
52.000450
52.003601
52.006542
52.009640
52.012661
52.015686
52.018715
52.021717
52.024673
52.027630
52.030651
52.033688
52.036549
52.039516
52.042473
52.045395
52.048363
52.051350
52.054234
52.057175
52.060158
52.063076
52.066051
52.068985
52.071823
52.074745
52.077709
52.080643
52.083492
52.086308
52.089169
52.092060
52.094982
52.097805
52.100758
52.103577
52.106358
52.109226
52.112118
52.114948
52.117798
52.120548
52.123398
52.126202
52.129036
52.131809
52.134636
52.137436
52.140282
52.143036
52.145882
52.148643
52.151478
52.154228
52.156956
52.159775
52.162533
52.165234
52.168049
52.170784
52.173534
52.176277
52.178951
52.181683
52.184460
52.187237
52.189919
52.192596
52.195374
52.198048
52.200764
52.203438
52.206226
52.208904
52.211666
52.214314
52.216995
52.219658
52.222332
52.224937
52.227654
52.230297
52.232918
52.235584
52.238224
52.240925
52.243641
52.246292
52.248882
52.251495
52.254173
52.256756
52.259464
52.262020
52.264717
52.267273
52.269871
52.272491
52.275089
52.277630
52.280319
52.282890
52.285492
52.288151
52.290775
52.293278
52.295776
52.298470
52.301098
52.303570
52.306126
52.308693
52.311314
52.313869
52.316441
52.318993
52.321495
52.324074
52.326622
52.329117
52.331654
52.334122
52.336590
52.339268
52.341854
52.344326
52.346798
52.349377
52.351898
52.354427
52.356888
52.359402
52.361855
52.364395
52.366867
52.369350
52.371826
52.374313
52.376785
52.379311
52.381859
52.384304
52.386768
52.389256
52.391682
52.394154
52.396652
52.399097
52.401581
52.404060
52.406483
52.408882
52.411396
52.413837
52.416279
52.418678
52.421074
52.423542
52.425980
52.428379
52.430824
52.433201
52.435650
52.438038
52.440456
52.442924
52.445343
52.447750
52.450180
52.452656
52.455013
52.457405
52.459812
52.462162
52.464561
52.466976
52.469398
52.471725
52.474064
52.476425
52.478825
52.481239
52.483650
52.485981
52.488262
52.490669
52.493061
52.495399
52.497787
52.500149
52.502575
52.504864
52.507175
52.509476
52.511925
52.514225
52.516548
52.518913
52.521198
52.523556
52.525902
52.528145
52.530567
52.532799
52.535175
52.537552
52.539913
52.542225
52.544418
52.546886
52.549156
52.551456
52.553692
52.556019
52.558308
52.560600
52.562855
52.565220
52.567406
52.569786
52.572075
52.574345
52.576614
52.578876
52.581188
52.583420
52.585773
52.587963
52.590302
52.592663
52.594727
52.597164
52.599426
52.601711
52.603886
52.606171
52.608425
52.610630
52.612976
52.615158
52.617405
52.619663
52.621895
52.624100
52.626350
52.628586
52.630825
52.633099
52.635201
52.637550
52.639736
52.642025
52.644150
52.646412
52.648636
52.650925
52.653030
52.655338
52.657551
52.659756
52.661980
52.664139
52.666386
52.668575
52.670761
52.673012
52.675224
52.677418
52.679562
52.681824
52.683914
52.686207
52.688339
52.690475
52.692726
52.694889
52.697025
52.699226
52.701424
52.703617
52.705761
52.707951
52.710125
52.712311
52.714432
52.716614
52.718826
52.720875
52.723099
52.725327
52.727482
52.729527
52.731724
52.733883
52.736027
52.738232
52.740311
52.742439
52.744633
52.746796
52.748901
52.751114
52.753212
52.755386
52.757511
52.759689
52.761688
52.763889
52.766045
52.768051
52.770283
52.772320
52.774448
52.776550
52.778736
52.780827
52.782951
52.785069
52.787086
52.789249
52.791374
52.793476
52.795605
52.797638
52.799755
52.801830
52.804005
52.806057
52.808239
52.810314
52.812363
52.814377
52.816463
52.818645
52.820724
52.822788
52.824833
52.827049
52.829067
52.831192
52.833168
52.835320
52.837399
52.839508
52.841480
52.843586
52.845638
52.847725
52.849827
52.851887
52.853924
52.855988
52.858013
52.860077
52.862175
52.864201
52.866325
52.868343
52.870388
52.872398
52.874489
52.876549
52.878613
52.880661
52.882648
52.884689
52.886738
52.888763
52.890713
52.892799
52.894852
52.896832
52.898876
52.900894
52.902981
52.905037
52.906986
52.909077
52.911026
52.913189
52.915176
52.917156
52.919163
52.921200
52.923264
52.925224
52.927280
52.929245
52.931313
52.933273
52.935314
52.937225
52.939281
52.941299
52.943336
52.945312
52.947239
52.949299
52.951286
52.953320
52.955212
52.957230
52.959187
52.961250
52.963188
52.965225
52.967239
52.969200
52.971130
52.973175
52.975075
52.977123
52.979076
52.981075
52.982937
52.984936
52.986950
52.988976
52.990936
52.992962
52.994877
52.996838
52.998798
53.000751
53.002625
53.004711
53.006599
53.008575
53.010574
53.012581
53.014511
53.016418
53.018387
53.020386
53.022289
53.024174
53.026199
53.028088
53.030102
53.032112
53.034012
53.035961
53.037788
53.039825
53.041733
53.043739
53.045536
53.047462
53.049412
53.051342
53.053436
53.055248
53.057114
53.059124
53.060963
53.062977
53.064945
53.066826
53.068714
53.070648
53.072586
53.074474
53.076405
53.078323
53.080170
53.082237
53.084049
53.086102
53.087856
53.089817
53.091801
53.093552
53.095501
53.097458
53.099312
53.101261
53.103100
53.105038
53.106987
53.108814
53.110699
53.112579
53.114513
53.116364
53.118313
53.120186
53.122074
53.124020
53.125832
53.127773
53.129642
53.131523
53.133373
53.135292
53.137123
53.139095
53.140911
53.142826
53.144707
53.146477
53.148357
53.150314
53.152187
53.154114
53.155998
53.157749
53.159695
53.161598
53.163448
53.165245
53.167095
53.168926
53.170837
53.172726
53.174549
53.176449
53.178326
53.180099
53.182011
53.183861
53.185696
53.187500
53.189407
53.191280
53.193108
53.194939
53.196823
53.198673
53.200424
53.202244
53.204136
53.206005
53.207802
53.209721
53.211544
53.213375
53.215187
53.217030
53.218857
53.220650
53.222511
53.224407
53.226181
53.227951
53.229801
53.231682
53.233486
53.235298
53.237064
53.238907
53.240814
53.242619
53.244411
53.246258
53.248051
53.249889
53.251720
53.253464
53.255375
53.257175
53.258938
53.260799
53.262661
53.264462
53.266220
53.268063
53.269955
53.271732
53.273525
53.275242
53.277023
53.278839
53.280632
53.282539
53.284218
53.286007
53.287914
53.289680
53.291451
53.293255
53.294949
53.296749
53.298733
53.300419
53.302181
53.303936
53.305756
53.307468
53.309277
53.311157
53.312920
53.314724
53.316486
53.318195
53.320019
53.321838
53.323551
53.325344
53.327049
53.328812
53.330639
53.332386
53.334213
53.336006
53.337719
53.339523
53.341293
53.343048
53.344826
53.346531
53.348286
53.350094
53.351952
53.353718
53.355488
53.357243
53.358982
53.360767
53.362518
53.364277
53.365986
53.367764
53.369442
53.371132
53.372974
53.374737
53.376507
53.378281
53.379971
53.381687
53.383499
53.385242
53.386913
53.388775
53.390438
53.392174
53.393932
53.395645
53.397430
53.399174
53.400913
53.402645
53.404446
53.406181
53.407768
53.409607
53.411381
53.413017
53.414768
53.416580
53.418262
53.419937
53.421730
53.423405
53.425098
53.426861
53.428524
53.430248
53.432049
53.433758
53.435452
53.437225
53.438931
53.440563
53.442280
53.443939
53.445801
53.447487
53.449139
53.450844
53.452549
53.454338
53.456020
53.457767
53.459461
53.461170
53.462887
53.464649
53.466274
53.467930
53.469727
53.471489
53.473225
53.474876
53.476570
53.478313
53.479950
53.481670
53.483349
53.485062
53.486732
53.488514
53.490139
53.491814
53.493519
53.495220
53.496887
53.498562
53.500294
53.501968
53.503689
53.505264
53.506912
53.508598
53.510368
53.512093
53.513718
53.515507
53.517189
53.518848
53.520531
53.522144
53.523830
53.525520
53.527145
53.528744
53.530518
53.532211
53.533833
53.535538
53.537170
53.538868
53.540607
53.542286
53.543892
53.545570
53.547188
53.548820
53.550518
53.552219
53.553856
53.555500
53.557137
53.558830
53.560383
53.562180
53.563938
53.565552
53.567108
53.568886
53.570633
53.572231
53.573799
53.575394
53.577076
53.578754
53.580414
53.582100
53.583683
53.585361
53.587055
53.588676
53.590332
53.591961
53.593651
53.595245
53.596901
53.598488
53.600151
53.601868
53.603542
53.605133
53.606770
53.608467
53.610020
53.611568
53.613182
53.614895
53.616531
53.618195
53.619789
53.621517
53.623138
53.624763
53.626339
53.627998
53.629581
53.631161
53.632774
53.634487
53.636074
53.637676
53.639244
53.640938
53.642601
53.644268
53.645874
53.647549
53.649174
53.650719
53.652283
53.653881
53.655533
53.657211
53.658863
53.660381
53.662102
53.663719
53.665298
53.666756
53.668427
53.670044
53.671719
53.673313
53.674976
53.676552
53.678120
53.679756
53.681374
53.683018
53.684570
53.686131
53.687756
53.689419
53.690964
53.692574
53.694214
53.695900
53.697380
53.698956
53.700588
53.702175
53.703793
53.705376
53.706955
53.708569
53.710213
53.711788
53.713345
53.714970
53.716576
53.718189
53.719761
53.721298
53.722782
53.724312
53.726013
53.727581
53.729206
53.730736
53.732346
53.733932
53.735519
53.737144
53.738731
53.740280
53.741882
53.743450
53.745068
53.746643
53.748123
53.749718
53.751312
53.752949
53.754551
53.756020
53.757561
53.759186
53.760830
53.762344
53.763870
53.765545
53.767113
53.768658
53.770180
53.771793
53.773331
53.774937
53.776482
53.778057
53.779644
53.781200
53.782726
53.784336
53.785900
53.787376
53.788975
53.790588
53.792076
53.793575
53.795174
53.796799
53.798363
53.799892
53.801388
53.802944
53.804501
53.806087
53.807545
53.809101
53.810623
53.812187
53.813782
53.815327
53.816952
53.818470
53.820057
53.821682
53.823219
53.824638
53.826214
53.827782
53.829281
53.830826
53.832333
53.833958
53.835487
53.837017
53.838451
53.840042
53.841656
53.843174
53.844730
53.846256
53.847832
53.849308
53.850723
53.852325
53.853855
53.855392
53.856987
53.858467
53.860100
53.861607
53.863125
53.864632
53.866112
53.867630
53.869263
53.870731
53.872276
53.873814
53.875389
53.876900
53.878426
53.879913
53.881424
53.882874
53.884438
53.885956
53.887444
53.888988
53.890430
53.891964
53.893524
53.895069
53.896633
53.898087
53.899574
53.901100
53.902706
53.904221
53.905575
53.907158
53.908638
53.910255
53.911751
53.913231
53.914757
53.916187
53.917664
53.919144
53.920639
53.922138
53.923664
53.925205
53.926712
53.928280
53.929745
53.931236
53.932823
53.934288
53.935749
53.937214
53.938774
53.940250
53.941769
53.943314
53.944912
53.946320
53.947762
53.949257
53.950748
53.952274
53.953751
53.955212
53.956711
53.958275
53.959686
53.961151
53.962749
53.964298
53.965752
53.967201
53.968582
53.970150
53.971611
53.973183
53.974663
53.976055
53.977505
53.979019
53.980537
53.981998
53.983494
53.984901
53.986492
53.987961
53.989395
53.990894
53.992352
53.993824
53.995342
53.996819
53.998299
53.999748
54.001301
54.002769
54.004158
54.005627
54.007088
54.008583
54.009983
54.011417
54.012894
54.014412
54.015976
54.017395
54.018726
54.020157
54.021793
54.023281
54.024750
54.026127
54.027569
54.029095
54.030586
54.032082
54.033443
54.035027
54.036495
54.037888
54.039345
54.040874
54.042183
54.043674
54.045162
54.046680
54.048145
54.049580
54.051025
54.052517
54.053986
54.055412
54.056862
54.058250
54.059731
54.061230
54.062737
54.064213
54.065601
54.067051
54.068531
54.069958
54.071407
54.072876
54.074219
54.075748
54.077213
54.078686
54.080055
54.081474
54.082912
54.084389
54.085808
54.087257
54.088676
54.090157
54.091587
54.093048
54.094482
54.095932
54.097332
54.098770
54.100182
54.101604
54.103107
54.104507
54.105881
54.107243
54.108780
54.110287
54.111752
54.113113
54.114494
54.115971
54.117393
54.118923
54.120205
54.121632
54.123043
54.124569
54.125977
54.127407
54.128857
54.130295
54.131725
54.133205
54.134594
54.136013
54.137413
54.138844
54.140236
54.141655
54.143124
54.144482
54.145920
54.147305
54.148781
54.150181
54.151550
54.153027
54.154408
54.155819
54.157276
54.158680
54.160130
54.161518
54.162983
54.164398
54.165783
54.167263
54.168587
54.170006
54.171387
54.172806
54.174263
54.175701
54.177162
54.178600
54.179981
54.181324
54.182686
54.184120
54.185474
54.186905
54.188274
54.189632
54.191113
54.192600
54.194023
54.195370
54.196739
54.198139
54.199581
54.201077
54.202461
54.203781
54.205120
54.206543
54.208000
54.209412
54.210743
54.212112
54.213543
54.215050
54.216373
54.217701
54.219143
54.220512
54.221863
54.223301
54.224670
54.226093
54.227520
54.228901
54.230225
54.231644
54.233013
54.234386
54.235786
54.237156
54.238605
54.240074
54.241383
54.242737
54.244137
54.245506
54.246937
54.248333
54.249695
54.251049
54.252388
54.253738
54.255108
54.256607
54.257980
54.259518
54.260845
54.262131
54.263481
54.264839
54.266270
54.267731
54.269039
54.270374
54.271763
54.273083
54.274502
54.275894
54.277302
54.278702
54.279980
54.281433
54.282833
54.284176
54.285549
54.286869
54.288219
54.289574
54.291058
54.292389
54.293739
54.295044
54.296398
54.297832
54.299217
54.300549
54.301914
54.303257
54.304657
54.306118
54.307468
54.308758
54.310089
54.311470
54.312813
54.314232
54.315556
54.316986
54.318295
54.319687
54.321037
54.322399
54.323719
54.325142
54.326527
54.327793
54.329189
54.330502
54.331814
54.333149
54.334633
54.335976
54.337345
54.338711
54.340031
54.341393
54.342644
54.344082
54.345413
54.346802
54.348133
54.349461
54.350868
54.352287
54.353577
54.354893
54.356194
54.357414
54.358829
54.360218
54.361530
54.362839
54.364162
54.365494
54.366764
54.368168
54.369537
54.370842
54.372280
54.373661
54.374943
54.376255
54.377605
54.378967
54.380402
54.381706
54.383007
54.384323
54.385700
54.387054
54.388401
54.389717
54.391087
54.392376
54.393700
54.395008
54.396351
54.397736
54.399139
54.400387
54.401718
54.403027
54.404392
54.405739
54.407051
54.408356
54.409767
54.411011
54.412342
54.413727
54.414970
54.416264
54.417595
54.418869
54.420349
54.421661
54.423031
54.424374
54.425751
54.427017
54.428249
54.429638
54.430923
54.432163
54.433464
54.434761
54.436176
54.437538
54.438869
54.440075
54.441448
54.442726
54.444118
54.445389
54.446682
54.448051
54.449368
54.450726
54.452019
54.453331
54.454723
54.456036
54.457298
54.458588
54.459900
54.461174
54.462505
54.463768
54.465076
54.466431
54.467751
54.469044
54.470345
54.471619
54.472977
54.474270
54.475574
54.476883
54.478188
54.479443
54.480820
54.482121
54.483505
54.484768
54.486019
54.487324
54.488686
54.490036
54.491325
54.492619
54.493874
54.495049
54.496395
54.497746
54.499088
54.500420
54.501633
54.502964
54.504162
54.505489
54.506786
54.508114
54.509396
54.510662
54.511963
54.513287
54.514664
54.515949
54.517200
54.518417
54.519787
54.521030
54.522400
54.523670
54.524914
54.526287
54.527561
54.528889
54.530151
54.531395
54.532768
54.534008
54.535332
54.536655
54.537930
54.539268
54.540501
54.541805
54.543076
54.544300
54.545620
54.546936
54.548199
54.549431
54.550743
54.552006
54.553219
54.554543
54.555756
54.557106
54.558319
54.559727
54.560894
54.562218
54.563499
54.564812
54.566105
54.567406
54.568695
54.569958
54.571243
54.572445
54.573730
54.575012
54.576305
54.577557
54.578888
54.580143
54.581345
54.582645
54.583923
54.585232
54.586498
54.587761
54.589024
54.590324
54.591633
54.592949
54.594131
54.595375
54.596619
54.597939
54.599213
54.600513
54.601776
54.603069
54.604305
54.605537
54.606827
54.608044
54.609276
54.610523
54.611813
54.613064
54.614338
54.615574
54.616886
54.618088
54.619389
54.620670
54.621937
54.623257
54.624489
54.625736
54.626999
54.628223
54.629562
54.630749
54.631969
54.633270
54.634594
54.635918
54.637196
54.638393
54.639648
54.640900
54.642155
54.643463
54.644764
54.645924
54.647156
54.648380
54.649632
54.650883
54.652149
54.653488
54.654587
54.655907
54.657131
54.658451
54.659733
54.660942
54.662163
54.663395
54.664642
54.665924
54.667206
54.668495
54.669769
54.671001
54.672188
54.673492
54.674725
54.675968
54.677242
54.678493
54.679661
54.680904
54.682156
54.683418
54.684658
54.685902
54.687096
54.688351
54.689575
54.690899
54.692131
54.693352
54.694630
54.695782
54.696945
54.698277
54.699474
54.700695
54.701923
54.703175
54.704468
54.705719
54.706867
54.708157
54.709381
54.710575
54.711887
54.713089
54.714306
54.715675
54.716873
54.718163
54.719349
54.720592
54.721813
54.723030
54.724220
54.725487
54.726727
54.727932
54.729187
54.730286
54.731487
54.732693
54.733982
54.735180
54.736469
54.737675
54.738880
54.740192
54.741375
54.742619
54.743820
54.745064
54.746346
54.747570
54.748783
54.750038
54.751270
54.752430
54.753700
54.754868
54.756119
54.757267
54.758583
54.759758
54.761013
54.762211
54.763401
54.764626
54.765762
54.766930
54.768230
54.769444
54.770638
54.771881
54.773155
54.774380
54.775620
54.776814
54.778069
54.779263
54.780514
54.781693
54.782974
54.784187
54.785332
54.786587
54.787773
54.788986
54.790188
54.791363
54.792538
54.793812
54.794968
54.796162
54.797405
54.798580
54.799858
54.801037
54.802307
54.803493
54.804707
54.805805
54.806980
54.808193
54.809444
54.810730
54.811962
54.813164
54.814262
54.815498
54.816692
54.817902
54.819019
54.820286
54.821476
54.822586
54.823887
54.825050
54.826332
54.827579
54.828793
54.830013
54.831226
54.832367
54.833595
54.834793
54.835995
54.837101
54.838268
54.839520
54.840717
54.841938
54.843201
54.844395
54.845543
54.846767
54.847851
54.849106
54.850292
54.851505
54.852657
54.853870
54.855118
54.856312
54.857449
54.858768
54.859886
54.861095
54.862251
54.863388
54.864605
54.865799
54.866989
54.868156
54.869320
54.870537
54.871742
54.872894
54.874146
54.875362
54.876549
54.877739
54.878868
54.880024
54.881207
54.882370
54.883575
54.884731
54.885967
54.887138
54.888336
54.889492
54.890694
54.891876
54.893036
54.894264
54.895443
54.896637
54.897820
54.898987
54.900131
54.901363
54.902542
54.903725
54.904926
54.906139
54.907299
54.908482
54.909580
54.910732
54.911892
54.913086
54.914238
54.915489
54.916676
54.917839
54.919025
54.920181
54.921345
54.922493
54.923756
54.924927
54.926086
54.927261
54.928368
54.929462
54.930649
54.931751
54.932899
54.934105
54.935417
54.936592
54.937756
54.938927
54.940102
54.941219
54.942337
54.943489
54.944649
54.945850
54.947025
54.948257
54.949417
54.950645
54.951725
54.952900
54.954044
54.955162
54.956345
54.957539
54.958698
54.959900
54.961094
54.962227
54.963383
54.964500
54.965717
54.966911
54.968105
54.969227
54.970383
54.971531
54.972698
54.973843
54.974964
54.976173
54.977325
54.978474
54.979580
54.980762
54.981995
54.983143
54.984299
54.985413
54.986557
54.987652
54.988762
54.989933
54.991123
54.992287
54.993458
54.994606
54.995827
54.996975
54.998161
54.999352
55.000431
55.001587
55.002743
55.003895
55.005112
55.006199
55.007370
55.008530
55.009644
55.010796
55.011894
55.013039
55.014198
55.015343
55.016468
55.017612
55.018814
55.019936
55.021099
55.022236
55.023338
55.024475
55.025620
55.026836
55.027981
55.029087
55.030212
55.031261
55.032436
55.033627
55.034813
55.035881
55.037102
55.038189
55.039288
55.040489
55.041576
55.042656
55.043800
55.045063
55.046173
55.047306
55.048500
55.049557
55.050732
55.051937
55.053043
55.054207
55.055401
55.056526
55.057686
55.058739
55.059856
55.060944
55.062119
55.063339
55.064468
55.065582
55.066711
55.067837
55.068924
55.070049
55.071194
55.072350
55.073483
55.074562
55.075756
55.076912
55.077999
55.079144
55.080219
55.081299
55.082481
55.083595
55.084686
55.085857
55.087051
55.088131
55.089275
55.090450
55.091568
55.092644
55.093826
55.094944
55.096043
55.097168
55.098282
55.099445
55.100552
55.101692
55.102852
55.103912
55.105049
55.106163
55.107338
55.108418
55.109486
55.110706
55.111843
55.112926
55.113998
55.115105
55.116150
55.117294
55.118374
55.119511
55.120693
55.121742
55.122898
55.124077
55.125118
55.126270
55.127380
55.128494
55.129593
55.130768
55.131889
55.132961
55.134102
55.135193
55.136257
55.137325
55.138474
55.139568
55.140755
55.141899
55.143013
55.144051
55.145130
55.146198
55.147293
55.148407
55.149536
55.150795
55.151867
55.153061
55.154202
55.155273
55.156368
55.157436
55.158520
55.159657
55.160751
55.161880
55.162975
55.164101
55.165245
55.166283
55.167477
55.168518
55.169689
55.170780
55.171848
55.172913
55.173958
55.175056
55.176132
55.177292
55.178349
55.179600
55.180756
55.181889
55.182938
55.183987
55.185051
55.186119
55.187195
55.188274
55.189461
55.190552
55.191624
55.192699
55.193863
55.194931
55.196037
55.197151
55.198200
55.199368
55.200424
55.201519
55.202579
55.203751
55.204788
55.205925
55.207062
55.208149
55.209274
55.210381
55.211517
55.212589
55.213680
55.214714
55.215775
55.216900
55.218014
55.219193
55.220276
55.221451
55.222507
55.223530
55.224644
55.225674
55.226746
55.227886
55.228970
55.230064
55.231220
55.232262
55.233364
55.234470
55.235558
55.236649
55.237743
55.238800
55.239799
55.240932
55.242001
55.243137
55.244244
55.245369
55.246475
55.247593
55.248638
55.249756
55.250774
55.251793
55.252899
55.253963
55.255108
55.256195
55.257236
55.258312
55.259426
55.260487
55.261532
55.262600
55.263737
55.264851
55.265949
55.267036
55.268112
55.269131
55.270176
55.271225
55.272301
55.273430
55.274475
55.275581
55.276707
55.277657
55.278805
55.279892
55.280930
55.282024
55.283043
55.284195
55.285313
55.286392
55.287479
55.288605
55.289562
55.290630
55.291737
55.292732
55.293869
55.294945
55.296070
55.297131
55.298168
55.299206
55.300232
55.301243
55.302319
55.303329
55.304512
55.305656
55.306789
55.307812
55.308849
55.309887
55.310955
55.312000
55.313114
55.314205
55.315308
55.316376
55.317520
55.318562
55.319588
55.320736
55.321732
55.322819
55.323837
55.324905
55.326050
55.327126
55.328220
55.329269
55.330326
55.331280
55.332363
55.333412
55.334587
55.335594
55.336720
55.337708
55.338779
55.339844
55.340851
55.341930
55.342907
55.343994
55.345062
55.346149
55.347206
55.348305
55.349400
55.350506
55.351570
55.352638
55.353664
55.354706
55.355736
55.356750
55.357849
55.358917
55.359901
55.361042
55.362183
55.363155
55.364300
55.365345
55.366344
55.367424
55.368450
55.369495
55.370556
55.371513
55.372593
55.373650
55.374695
55.375786
55.376919
55.377899
55.378986
55.380013
55.381058
55.382076
55.383148
55.384136
55.385242
55.386318
55.387363
55.388443
55.389477
55.390545
55.391556
55.392601
55.393631
55.394642
55.395767
55.396782
55.397793
55.398811
55.399879
55.400875
55.401962
55.403011
55.404114
55.405163
55.406193
55.407192
55.408237
55.409336
55.410355
55.411339
55.412445
55.413437
55.414501
55.415569
55.416473
55.417614
55.418598
55.419613
55.420658
55.421745
55.422806
55.423889
55.424892
55.425861
55.426926
55.427967
55.428925
55.429993
55.431049
55.432098
55.433174
55.434212
55.435280
55.436356
55.437305
55.438324
55.439407
55.440445
55.441463
55.442554
55.443542
55.444626
55.445644
55.446671
55.447712
55.448780
55.449825
55.450863
55.451939
55.452961
55.454025
55.454956
55.455994
55.456989
55.457962
55.459087
55.460083
55.461163
55.462181
55.463188
55.464169
55.465267
55.466282
55.467239
55.468292
55.469364
55.470406
55.471443
55.472511
55.473545
55.474606
55.475594
55.476562
55.477573
55.478619
55.479668
55.480705
55.481743
55.482655
55.483788
55.484814
55.485813
55.486942
55.487976
55.489014
55.490051
55.491051
55.492023
55.493057
55.494026
55.494999
55.496052
55.497105
55.498131
55.499146
55.500233
55.501175
55.502186
55.503181
55.504158
55.505138
55.506218
55.507256
55.508251
55.509350
55.510414
55.511375
55.512421
55.513451
55.514400
55.515373
55.516468
55.517456
55.518532
55.519524
55.520557
55.521637
55.522663
55.523724
55.524742
55.525692
55.526775
55.527756
55.528755
55.529762
55.530750
55.531769
55.532757
55.533749
55.534775
55.535843
55.536858
55.537895
55.538857
55.539833
55.540852
55.541882
55.542931
55.543877
55.544914
55.545937
55.546917
55.547955
55.548958
55.550030
55.551064
55.552071
55.553055
55.553993
55.555042
55.556019
55.557007
55.557968
55.559071
55.560112
55.561119
55.562237
55.563194
55.564125
55.565132
55.566074
55.567062
55.568069
55.569138
55.570175
55.571194
55.572163
55.573093
55.574108
55.575092
55.576099
55.577129
55.578068
55.579056
55.580181
55.581211
55.582207
55.583206
55.584217
55.585243
55.586132
55.587139
55.588081
55.589100
55.590038
55.591049
55.592106
55.593105
55.594189
55.595161
55.596107
55.597095
55.598114
55.599205
55.600174
55.601143
55.602150
55.603157
55.604080
55.605076
55.606056
55.607052
55.608055
55.609108
55.610100
55.611118
55.612175
55.613155
55.614155
55.615170
55.616123
55.617062
55.618042
55.618992
55.620029
55.620998
55.621956
55.623081
55.624069
55.625057
55.626011
55.626980
55.627998
55.629005
55.629955
55.630913
55.631870
55.632812
55.633801
55.634773
55.635799
55.636806
55.637817
55.638855
55.639870
55.640812
55.641773
55.642807
55.643761
55.644676
55.645699
55.646694
55.647705
55.648720
55.649632
55.650570
55.651531
55.652527
55.653519
55.654469
55.655468
55.656506
55.657505
55.658562
55.659531
55.660469
55.661430
55.662407
55.663361
55.664337
55.665295
55.666344
55.667320
55.668274
55.669292
55.670261
55.671280
55.672287
55.673294
55.674236
55.675133
55.676083
55.677219
55.678169
55.679150
55.680168
55.681149
55.682037
55.683014
55.684055
55.684994
55.685925
55.686893
55.687901
55.688873
55.689899
55.690742
55.691776
55.692833
55.693707
55.694687
55.695595
55.696644
55.697662
55.698574
55.699562
55.700523
55.701508
55.702518
55.703449
55.704380
55.705418
55.706383
55.707355
55.708336
55.709274
55.710255
55.711182
55.712143
55.713081
55.714081
55.715027
55.715992
55.716976
55.717911
55.718937
55.719875
55.720814
55.721825
55.722782
55.723724
55.724762
55.725739
55.726757
55.727737
55.728649
55.729694
55.730686
55.731564
55.732552
55.733467
55.734394
55.735424
55.736351
55.737274
55.738262
55.739189
55.740219
55.741177
55.742157
55.743149
55.744148
55.745094
55.746056
55.746983
55.747974
55.748951
55.749874
55.750870
55.751755
55.752689
55.753670
55.754623
55.755531
55.756577
55.757442
55.758411
55.759407
55.760307
55.761276
55.762287
55.763187
55.764114
55.765118
55.766075
55.766945
55.767933
55.768917
55.769905
55.770920
55.771912
55.772808
55.773792
55.774742
55.775688
55.776592
55.777493
55.778492
55.779495
55.780437
55.781368
55.782280
55.783314
55.784237
55.785187
55.786144
55.787102
55.788036
55.788982
55.789932
55.790932
55.791943
55.792793
55.793789
55.794682
55.795643
55.796638
55.797592
55.798569
55.799564
55.800446
55.801411
55.802376
55.803337
55.804287
55.805244
55.806129
55.807026
55.808014
55.808956
55.809952
55.810883
55.811813
55.812805
55.813831
55.814724
55.815670
55.816582
55.817482
55.818405
55.819336
55.820332
55.821381
55.822289
55.823238
55.824200
55.825043
55.826038
55.826969
55.827812
55.828743
55.829731
55.830669
55.831638
55.832661
55.833561
55.834431
55.835438
55.836388
55.837311
55.838192
55.839180
55.840137
55.840988
55.842007
55.842957
55.843906
55.844856
55.845798
55.846725
55.847683
55.848598
55.849556
55.850468
55.851406
55.852306
55.853237
55.854198
55.855225
55.856098
55.856964
55.857914
55.858864
55.859787
55.860687
55.861629
55.862606
55.863533
55.864487
55.865444
55.866402
55.867283
55.868244
55.869137
55.870087
55.871044
55.872002
55.872925
55.873844
55.874825
55.875763
55.876675
55.877548
55.878456
55.879414
55.880344
55.881229
55.882164
55.883167
55.884064
55.884937
55.885944
55.886887
55.887783
55.888668
55.889538
55.890450
55.891468
55.892406
55.893375
55.894318
55.895256
55.896217
55.897148
55.898037
55.898949
55.899830
55.900749
55.901726
55.902588
55.903488
55.904507
55.905411
55.906338
55.907261
55.908199
55.909092
55.910027
55.910931
55.911823
55.912773
55.913681
55.914570
55.915524
55.916451
55.917339
55.918224
55.919132
55.920025
55.921021
55.921951
55.922874
55.923752
55.924755
55.925720
55.926582
55.927418
55.928413
55.929352
55.930248
55.931168
55.932030
55.932980
55.933880
55.934845
55.935825
55.936775
55.937668
55.938576
55.939487
55.940399
55.941269
55.942257
55.943207
55.944042
55.945011
55.945957
55.946823
55.947689
55.948631
55.949520
55.950356
55.951267
55.952244
55.953182
55.954086
55.955002
55.955967
55.956951
55.957767
55.958675
55.959568
55.960495
55.961357
55.962212
55.963161
55.964088
55.965012
55.965942
55.966919
55.967857
55.968662
55.969669
55.970531
55.971394
55.972374
55.973244
55.974117
55.975052
55.975994
55.976898
55.977856
55.978756
55.979649
55.980598
55.981449
55.982281
55.983189
55.984081
55.984951
55.985893
55.986805
55.987675
55.988605
55.989517
55.990398
55.991276
55.992226
55.993088
55.994026
55.994946
55.995911
55.996811
55.997761
55.998707
55.999649
56.000450
56.001358
56.002262
56.003063
56.003944
56.004780
56.005764
56.006695
56.007656
56.008564
56.009487
56.010357
56.011337
56.012276
56.013088
56.013958
56.014824
56.015770
56.016636
56.017517
56.018482
56.019424
56.020245
56.021233
56.022106
56.023048
56.023888
56.024811
56.025639
56.026474
56.027431
56.028275
56.029095
56.030018
56.030907
56.031788
56.032707
56.033588
56.034519
56.035480
56.036407
56.037292
56.038170
56.039043
56.039974
56.040867
56.041756
56.042633
56.043514
56.044395
56.045280
56.046131
56.047043
56.047913
56.048882
56.049801
56.050694
56.051517
56.052418
56.053257
56.054180
56.055038
56.055931
56.056824
56.057663
56.058544
56.059532
56.060375
56.061268
56.062199
56.063156
56.063999
56.064930
56.065731
56.066662
56.067612
56.068451
56.069283
56.070148
56.071136
56.072063
56.072899
56.073780
56.074696
56.075577
56.076439
56.077305
56.078224
56.079170
56.080017
56.080883
56.081711
56.082619
56.083519
56.084442
56.085331
56.086136
56.087025
56.087952
56.088848
56.089748
56.090649
56.091564
56.092476
56.093349
56.094250
56.095158
56.096024
56.096874
56.097694
56.098526
56.099480
56.100414
56.101276
56.102139
56.103111
56.103970
56.104862
56.105751
56.106575
56.107437
56.108345
56.109230
56.110107
56.110962
56.111824
56.112705
56.113636
56.114407
56.115337
56.116226
56.117031
56.117874
56.118782
56.119617
56.120495
56.121494
56.122326
56.123131
56.124023
56.124893
56.125755
56.126675
56.127449
56.128395
56.129295
56.130150
56.130974
56.131874
56.132805
56.133789
56.134613
56.135456
56.136330
56.137249
56.138092
56.138958
56.139851
56.140713
56.141548
56.142368
56.143181
56.144062
56.144974
56.145851
56.146656
56.147587
56.148464
56.149231
56.150150
56.150993
56.151905
56.152813
56.153713
56.154526
56.155399
56.156242
56.157063
56.157925
56.158813
56.159611
56.160423
56.161312
56.162151
56.163094
56.163963
56.164837
56.165798
56.166718
56.167587
56.168388
56.169231
56.170094
56.170952
56.171806
56.172661
56.173557
56.174431
56.175301
56.176182
56.177013
56.177883
56.178837
56.179649
56.180550
56.181419
56.182220
56.183037
56.183826
56.184681
56.185539
56.186401
56.187225
56.188148
56.189049
56.189831
56.190758
56.191692
56.192554
56.193386
56.194283
56.195118
56.195980
56.196861
56.197739
56.198601
56.199436
56.200287
56.201130
56.201942
56.202824
56.203712
56.204556
56.205444
56.206299
56.207138
56.208031
56.208900
56.209831
56.210644
56.211456
56.212364
56.213161
56.214058
56.214901
56.215717
56.216576
56.217430
56.218327
56.219143
56.220024
56.220924
56.221737
56.222595
56.223427
56.224281
56.225101
56.225918
56.226849
56.227726
56.228523
56.229362
56.230217
56.231152
56.231987
56.232849
56.233620
56.234520
56.235405
56.236275
56.237099
56.237980
56.238811
56.239651
56.240452
56.241344
56.242157
56.242989
56.243862
56.244705
56.245533
56.246292
56.247208
56.248032
56.248962
56.249802
56.250626
56.251419
56.252369
56.253250
56.254101
56.254971
56.255783
56.256607
56.257481
56.258274
56.259087
56.259876
56.260719
56.261612
56.262436
56.263332
56.264107
56.264957
56.265842
56.266674
56.267506
56.268364
56.269257
56.270126
56.270958
56.271805
56.272606
56.273418
56.274261
56.275074
56.275932
56.276787
56.277599
56.278492
56.279400
56.280201
56.281052
56.281864
56.282669
56.283600
56.284412
56.285187
56.286007
56.286839
56.287582
56.288475
56.289307
56.290276
56.291080
56.291904
56.292774
56.293613
56.294418
56.295307
56.296158
56.297058
56.297882
56.298698
56.299507
56.300331
56.301212
56.302006
56.302856
56.303680
56.304501
56.305351
56.306164
56.306988
56.307858
56.308689
56.309532
56.310295
56.311142
56.311974
56.312855
56.313614
56.314468
56.315311
56.316151
56.316986
56.317768
56.318626
56.319458
56.320354
56.321117
56.322014
56.322845
56.323612
56.324512
56.325367
56.326149
56.326969
56.327763
56.328632
56.329449
56.330170
56.330936
56.331818
56.332619
56.333458
56.334351
56.335136
56.335999
56.336918
56.337769
56.338589
56.339375
56.340206
56.341057
56.341850
56.342606
56.343418
56.344261
56.345039
56.345818
56.346695
56.347557
56.348343
56.349163
56.350018
56.350880
56.351650
56.352524
56.353374
56.354244
56.355045
56.355824
56.356594
56.357388
56.358280
56.359100
56.359932
56.360775
56.361607
56.362469
56.363270
56.364189
56.364948
56.365788
56.366688
56.367481
56.368275
56.369125
56.369926
56.370739
56.371513
56.372383
56.373211
56.374031
56.374794
56.375675
56.376480
56.377293
56.378094
56.378956
56.379787
56.380669
56.381481
56.382252
56.383038
56.383839
56.384655
56.385445
56.386269
56.387123
56.387989
56.388783
56.389538
56.390350
56.391106
56.392006
56.392807
56.393600
56.394337
56.395130
56.395988
56.396755
56.397606
56.398396
56.399181
56.400005
56.400814
56.401619
56.402512
56.403351
56.404167
56.405033
56.405926
56.406700
56.407562
56.408375
56.409119
56.409939
56.410736
56.411518
56.412327
56.413113
56.413914
56.414707
56.415455
56.416313
56.417168
56.417988
56.418823
56.419613
56.420406
56.421230
56.422039
56.422882
56.423630
56.424442
56.425270
56.426105
56.426857
56.427761
56.428574
56.429268
56.430092
56.430939
56.431732
56.432549
56.433357
56.434139
56.434925
56.435745
56.436550
56.437325
56.438114
56.438911
56.439724
56.440525
56.441307
56.442120
56.442970
56.443802
56.444668
56.445518
56.446308
56.447182
56.448025
56.448818
56.449619
56.450367
56.451244
56.452000
56.452820
56.453671
56.454380
56.455151
56.455967
56.456768
56.457493
56.458321
56.459133
56.459942
56.460754
56.461552
56.462330
56.463131
56.463936
56.464676
56.465481
56.466274
56.467125
56.467926
56.468723
56.469524
56.470314
56.471100
56.471931
56.472717
56.473480
56.474281
56.475121
56.475983
56.476719
56.477505
56.478313
56.479107
56.479870
56.480606
56.481445
56.482250
56.483036
56.483799
56.484650
56.485405
56.486225
56.487080
56.487900
56.488655
56.489376
56.490242
56.491108
56.491951
56.492645
56.493412
56.494232
56.495068
56.495831
56.496605
56.497406
56.498177
56.498989
56.499748
56.500568
56.501343
56.502182
56.502998
56.503757
56.504555
56.505344
56.506157
56.507038
56.507870
56.508652
56.509357
56.510132
56.510925
56.511799
56.512539
56.513283
56.514088
56.514862
56.515682
56.516411
56.517212
56.517994
56.518795
56.519573
56.520344
56.521107
56.521870
56.522694
56.523449
56.524250
56.525021
56.525768
56.526619
56.527420
56.528198
56.528931
56.529751
56.530563
56.531311
56.532124
56.532875
56.533646
56.534443
56.535267
56.536045
56.536880
56.537704
56.538445
56.539238
56.539963
56.540764
56.541569
56.542294
56.543106
56.543911
56.544689
56.545517
56.546345
56.547161
56.547905
56.548645
56.549477
56.550220
56.550930
56.551720
56.552544
56.553356
56.554127
56.554874
56.555630
56.556408
56.557201
56.557987
56.558762
56.559486
56.560261
56.561069
56.561901
56.562649
56.563438
56.564144
56.564938
56.565769
56.566593
56.567329
56.568111
56.568924
56.569698
56.570461
56.571262
56.572083
56.572887
56.573574
56.574348
56.575089
56.575817
56.576576
56.577389
56.578220
56.578964
56.579674
56.580418
56.581276
56.582092
56.582886
56.583698
56.584538
56.585350
56.586094
56.586876
56.587593
56.588432
56.589195
56.589973
56.590733
56.591480
56.592270
56.593082
56.593811
56.594570
56.595333
56.596130
56.596863
56.597668
56.598400
56.599125
56.599880
56.600605
56.601357
56.602188
56.602962
56.603802
56.604530
56.605312
56.606136
56.606880
56.607723
56.608463
56.609280
56.609982
56.610748
56.611423
56.612225
56.612949
56.613731
56.614517
56.615269
56.616020
56.616852
56.617664
56.618431
56.619175
56.619968
56.620674
56.621475
56.622257
56.623089
56.623837
56.624538
56.625313
56.626095
56.626907
56.627655
56.628426
56.629208
56.630070
56.630836
56.631580
56.632313
56.633068
56.633839
56.634583
56.635361
56.636082
56.636780
56.637581
56.638344
56.639069
56.639820
56.640614
56.641411
56.642193
56.643005
56.643776
56.644569
56.645317
56.646042
56.646801
56.647530
56.648289
56.649082
56.649845
56.650562
56.651367
56.652195
56.652920
56.653675
56.654408
56.655201
56.656017
56.656776
56.657539
56.658249
56.658974
56.659725
56.660408
56.661221
56.662018
56.662849
56.663494
56.664158
56.664932
56.665688
56.666519
56.667305
56.668087
56.668880
56.669575
56.670357
56.671112
56.671856
56.672626
56.673351
56.674061
56.674824
56.675583
56.676399
56.677086
56.677769
56.678505
56.679352
56.680080
56.680832
56.681625
56.682343
56.683083
56.683887
56.684639
56.685349
56.686131
56.686920
56.687637
56.688393
56.689167
56.689899
56.690605
56.691448
56.692177
56.692974
56.693745
56.694500
56.695187
56.695908
56.696663
56.697388
56.698219
56.698956
56.699661
56.700432
56.701214
56.701900
56.702682
56.703411
56.704124
56.704880
56.705681
56.706413
56.707138
56.707863
56.708580
56.709351
56.710136
56.710938
56.711689
56.712444
56.713150
56.713882
56.714661
56.715393
56.716133
56.716869
56.717625
56.718330
56.719074
56.719883
56.720592
56.721333
56.722050
56.722824
56.723595
56.724312
56.725063
56.725800
56.726467
56.727131
56.727886
56.728645
56.729439
56.730217
56.731007
56.731792
56.732536
56.733318
56.733982
56.734779
56.735519
56.736237
56.736961
56.737701
56.738495
56.739193
56.739956
56.740643
56.741394
56.742126
56.742851
56.743599
56.744370
56.745075
56.745808
56.746586
56.747406
56.748074
56.748814
56.749607
56.750313
56.751064
56.751839
56.752548
56.753288
56.753994
56.754730
56.755455
56.756355
56.757118
56.757812
56.758575
56.759369
56.760151
56.760880
56.761631
56.762405
56.763206
56.763855
56.764545
56.765244
56.765957
56.766670
56.767361
56.768131
56.768867
56.769573
56.770313
56.771038
56.771862
56.772614
56.773396
56.774155
56.774967
56.775681
56.776402
56.777187
56.777905
56.778614
56.779274
56.780018
56.780762
56.781502
56.782150
56.782894
56.783688
56.784386
56.785049
56.785751
56.786469
56.787224
56.787918
56.788700
56.789467
56.790207
56.790962
56.791649
56.792419
56.793152
56.793823
56.794537
56.795288
56.796104
56.796787
56.797493
56.798256
56.799019
56.799706
56.800507
56.801224
56.801907
56.802639
56.803444
56.804127
56.804901
56.805531
56.806244
56.807018
56.807705
56.808395
56.809162
56.809837
56.810574
56.811337
56.812069
56.812775
56.813557
56.814262
56.814976
56.815739
56.816448
56.817200
56.817913
56.818676
56.819401
56.820118
56.820755
56.821487
56.822243
56.823082
56.823738
56.824444
56.825127
56.825882
56.826630
56.827389
56.828163
56.828911
56.829601
56.830296
56.830994
56.831699
56.832413
56.833118
56.833763
56.834530
56.835255
56.836014
56.836708
56.837395
56.838192
56.838936
56.839706
56.840424
56.841106
56.841843
56.842564
56.843281
56.843987
56.844700
56.845417
56.846127
56.846882
56.847614
56.848373
56.849014
56.849758
56.850544
56.851242
56.851994
56.852711
56.853336
56.854126
56.854874
56.855598
56.856312
56.857033
56.857731
56.858398
56.859093
56.859825
56.860538
56.861252
56.861950
56.862675
56.863350
56.864105
56.864799
56.865555
56.866249
56.866962
56.867657
56.868370
56.869144
56.869774
56.870499
56.871212
56.871895
56.872639
56.873356
56.874077
56.874767
56.875381
56.876099
56.876770
56.877468
56.878201
56.879002
56.879692
56.880432
56.881207
56.881958
56.882656
56.883419
56.884075
56.884830
56.885483
56.886250
56.886993
56.887688
56.888432
56.889114
56.889820
56.890633
56.891312
56.891926
56.892624
56.893364
56.894093
56.894768
56.895473
56.896214
56.896881
56.897633
56.898369
56.899082
56.899826
56.900494
56.901138
56.901764
56.902519
56.903206
56.903961
56.904655
56.905327
56.906033
56.906700
56.907475
56.908180
56.908901
56.909626
56.910439
56.911095
56.911850
56.912575
56.913269
56.914021
56.914650
56.915337
56.916061
56.916794
56.917477
56.918152
56.918812
56.919495
56.920181
56.920887
56.921570
56.922333
56.923069
56.923805
56.924526
56.925232
56.925964
56.926632
56.927330
56.928036
56.928692
56.929482
56.930168
56.930893
56.931557
56.932262
56.932930
56.933575
56.934269
56.934925
56.935680
56.936413
56.937107
56.937794
56.938477
56.939182
56.939907
56.940582
56.941208
56.941952
56.942696
56.943401
56.944111
56.944843
56.945526
56.946270
56.946949
56.947662
56.948425
56.949123
56.949780
56.950451
56.951118
56.951851
56.952576
56.953243
56.953899
56.954586
56.955338
56.956062
56.956711
56.957394
56.958157
56.958939
56.959576
56.960339
56.961044
56.961681
56.962349
56.963089
56.963806
56.964462
56.965214
56.965824
56.966461
56.967163
56.967842
56.968552
56.969181
56.969967
56.970657
56.971363
56.972088
56.972820
56.973442
56.974182
56.974850
56.975513
56.976192
56.976906
56.977551
56.978226
56.978893
56.979599
56.980282
56.980995
56.981705
56.982395
56.983082
56.983768
56.984493
56.985207
56.985931
56.986561
56.987263
56.987907
56.988602
56.989319
56.990017
56.990620
56.991268
56.991993
56.992786
56.993458
56.994099
56.994789
56.995480
56.996212
56.996933
56.997612
56.998268
56.998981
56.999649
57.000336
57.001064
57.001701
57.002380
57.003075
57.003780
57.004452
57.005112
57.005768
57.006523
57.007168
57.007977
57.008682
57.009407
57.010025
57.010693
57.011436
57.012150
57.012817
57.013439
57.014099
57.014862
57.015545
57.016224
57.016926
57.017601
57.018250
57.019039
57.019718
57.020451
57.021114
57.021774
57.022488
57.023224
57.023861
57.024532
57.025269
57.025848
57.026550
57.027218
57.027893
57.028625
57.029144
57.029831
57.030575
57.031208
57.031864
57.032539
57.033199
57.033932
57.034607
57.035217
57.035931
57.036652
57.037407
57.038055
57.038662
57.039398
57.040150
57.040852
57.041473
57.042156
57.042774
57.043446
57.044151
57.044849
57.045536
57.046192
57.046944
57.047588
57.048344
57.049057
57.049736
57.050426
57.051144
57.051857
57.052517
57.053238
57.053886
57.054550
57.055214
57.056007
57.056664
57.057281
57.057919
57.058620
57.059296
57.059933
57.060562
57.061226
57.061832
57.062531
57.063251
57.063908
57.064583
57.065308
57.065945
57.066639
57.067307
57.068062
57.068768
57.069458
57.070076
57.070724
57.071342
57.072044
57.072720
57.073380
57.074043
57.074718
57.075314
57.076069
57.076752
57.077450
57.078152
57.078857
57.079494
57.080181
57.080875
57.081589
57.082268
57.082951
57.083576
57.084217
57.084908
57.085567
57.086193
57.086880
57.087494
57.088200
57.088848
57.089569
57.090263
57.090908
57.091549
57.092224
57.092907
57.093582
57.094261
57.094887
57.095539
57.096218
57.096851
57.097530
57.098164
57.098755
57.099411
57.100113
57.100769
57.101494
57.102142
57.102833
57.103539
57.104214
57.104969
57.105606
57.106293
57.106895
57.107513
57.108158
57.108788
57.109512
57.110214
57.110905
57.111549
57.112186
57.112823
57.113480
57.114136
57.114807
57.115486
57.116138
57.116844
57.117500
57.118206
57.118923
57.119606
57.120270
57.120899
57.121517
57.122200
57.122898
57.123520
57.124168
57.124836
57.125488
57.126156
57.126762
57.127476
57.128204
57.128914
57.129543
57.130230
57.130901
57.131523
57.132198
57.132862
57.133499
57.134201
57.134838
57.135532
57.136124
57.136768
57.137421
57.138081
57.138805
57.139412
57.140087
57.140774
57.141476
57.142136
57.142868
57.143555
57.144180
57.144806
57.145470
57.146088
57.146770
57.147442
57.148045
57.148689
57.149319
57.149956
57.150642
57.151249
57.151989
57.152737
57.153351
57.153938
57.154606
57.155361
57.155968
57.156620
57.157288
57.157925
57.158611
57.159245
57.159901
57.160606
57.161182
57.161793
57.162449
57.163151
57.163837
57.164532
57.165092
57.165718
57.166336
57.167007
57.167713
57.168392
57.169075
57.169750
57.170368
57.171043
57.171650
57.172325
57.173023
57.173714
57.174370
57.174942
57.175545
57.176155
57.176880
57.177582
57.178188
57.178844
57.179474
57.180180
57.180931
57.181545
57.182182
57.182858
57.183506
57.184132
57.184738
57.185398
57.186005
57.186695
57.187351
57.187969
57.188606
57.189281
57.189926
57.190575
57.191219
57.191898
57.192532
57.193130
57.193775
57.194412
57.195076
57.195801
57.196461
57.197124
57.197720
57.198326
57.199062
57.199699
57.200405
57.201031
57.201668
57.202351
57.202988
57.203632
57.204262
57.204914
57.205563
57.206211
57.206848
57.207577
57.208248
57.208893
57.209538
57.210136
57.210739
57.211369
57.212006
57.212650
57.213226
57.213913
57.214611
57.215332
57.215942
57.216576
57.217243
57.217861
57.218437
57.219101
57.219658
57.220383
57.221100
57.221737
57.222275
57.222919
57.223557
57.224239
57.224937
57.225586
57.226231
57.226845
57.227432
57.228138
57.228825
57.229439
57.230087
57.230782
57.231430
57.232067
57.232681
57.233330
57.233944
57.234570
57.235298
57.235870
57.236568
57.237175
57.237888
57.238537
57.239189
57.239788
57.240425
57.241089
57.241688
57.242294
57.242950
57.243614
57.244244
57.244862
57.245533
57.246162
57.246731
57.247425
57.248074
57.248749
57.249401
57.250011
57.250648
57.251312
57.251957
57.252605
57.253288
57.253925
57.254551
57.255249
57.255920
57.256550
57.257198
57.257820
57.258461
57.259056
57.259651
57.260281
57.260925
57.261532
57.262157
57.262783
57.263474
57.264114
57.264706
57.265339
57.265945
57.266605
57.267269
57.267948
57.268536
57.269264
57.269894
57.270580
57.271198
57.271755
57.272411
57.273056
57.273720
57.274258
57.274864
57.275452
57.275993
57.276714
57.277405
57.277988
57.278637
57.279263
57.279961
57.280582
57.281143
57.281799
57.282444
57.283131
57.283798
57.284412
57.285038
57.285664
57.286400
57.287045
57.287663
57.288250
57.288845
57.289433
57.290073
57.290737
57.291374
57.291992
57.292614
57.293224
57.293831
57.294476
57.295052
57.295738
57.296368
57.296906
57.297558
57.298199
57.298912
57.299488
57.300114
57.300701
57.301331
57.301949
57.302582
57.303219
57.303844
57.304512
57.305149
57.305782
57.306412
57.307098
57.307781
57.308342
57.308987
57.309593
57.310139
57.310726
57.311337
57.312038
57.312664
57.313251
57.313824
57.314507
57.315224
57.315819
57.316483
57.317074
57.317696
57.318317
57.318905
57.319500
57.320137
57.320801
57.321476
57.322063
57.322624
57.323296
57.323887
57.324524
57.325127
57.325768
57.326389
57.326988
57.327595
57.328320
57.328918
57.329586
57.330181
57.330761
57.331406
57.332050
57.332630
57.333244
57.333851
57.334499
57.335094
57.335751
57.336273
57.336849
57.337448
57.338074
57.338696
57.339317
57.339901
57.340599
57.341244
57.341869
57.342575
57.343132
57.343739
57.344364
57.345081
57.345680
57.346344
57.346973
57.347561
57.348225
57.348793
57.349445
57.350067
57.350605
57.351242
57.351883
57.352482
57.353031
57.353611
57.354168
57.354851
57.355457
57.356144
57.356743
57.357349
57.357964
57.358669
57.359287
57.359856
57.360523
57.361149
57.361713
57.362362
57.362988
57.363548
57.364174
57.364868
57.365562
57.366108
57.366676
57.367332
57.368000
57.368580
57.369213
57.369755
57.370358
57.370945
57.371571
57.372131
57.372749
57.373367
57.374020
57.374577
57.375225
57.375793
57.376438
57.377087
57.377705
57.378376
57.378963
57.379532
57.380188
57.380856
57.381462
57.382107
57.382706
57.383373
57.384045
57.384613
57.385220
57.385761
57.386349
57.386971
57.387600
57.388168
57.388767
57.389381
57.389996
57.390636
57.391205
57.391842
57.392475
57.393002
57.393661
57.394314
57.394905
57.395493
57.396088
57.396713
57.397324
57.397919
57.398514
57.399113
57.399738
57.400356
57.400963
57.401600
57.402138
57.402725
57.403313
57.403854
57.404480
57.405144
57.405731
57.406349
57.406967
57.407551
57.408176
57.408783
57.409412
57.410057
57.410633
57.411251
57.411880
57.412487
57.413094
57.413769
57.414307
57.414906
57.415520
57.416126
57.416744
57.417339
57.417950
57.418507
57.419186
57.419762
57.420368
57.420986
57.421581
57.422218
57.422783
57.423439
57.423943
57.424530
57.425133
57.425751
57.426239
57.426880
57.427486
57.428143
57.428780
57.429314
57.429920
57.430557
57.431114
57.431770
57.432400
57.433014
57.433632
57.434238
57.434826
57.435493
57.436081
57.436630
57.437168
57.437813
57.438370
57.438995
57.439583
57.440201
57.440826
57.441414
57.442024
57.442600
57.443211
57.443844
57.444412
57.445057
57.445675
57.446323
57.446976
57.447575
57.448154
57.448750
57.449314
57.449902
57.450542
57.451099
57.451733
57.452312
57.452892
57.453537
57.454132
57.454739
57.455311
57.455906
57.456539
57.457100
57.457706
57.458313
57.458881
57.459488
57.460117
57.460712
57.461376
57.461937
57.462536
57.463139
57.463726
57.464268
57.464817
57.465420
57.466019
57.466648
57.467239
57.467731
57.468380
57.468975
57.469601
57.470181
57.470749
57.471352
57.471943
57.472649
57.473286
57.473911
57.474487
57.475067
57.475681
57.476364
57.476933
57.477451
57.478039
57.478607
57.479198
57.479805
57.480343
57.480888
57.481495
57.482033
57.482651
57.483311
57.483799
57.484432
57.485050
57.485592
57.486179
57.486824
57.487411
57.488029
57.488663
57.489239
57.489845
57.490433
57.491039
57.491589
57.492168
57.492802
57.493355
57.493923
57.494457
57.495018
57.495594
57.496189
57.496864
57.497425
57.498005
57.498619
57.499218
57.499836
57.500557
57.501133
57.501720
57.502289
57.502861
57.503448
57.504032
57.504669
57.505276
57.505836
57.506386
57.506989
57.507545
57.508148
57.508781
57.509323
57.509899
57.510464
57.511089
57.511681
57.512299
57.512894
57.513531
57.514076
57.514668
57.515244
57.515839
57.516476
57.517086
57.517673
57.518208
57.518806
57.519382
57.520008
57.520550
57.521080
57.521664
57.522213
57.522762
57.523380
57.523956
57.524532
57.525074
57.525650
57.526257
57.526787
57.527382
57.527969
57.528580
57.529175
57.529675
57.530270
57.530762
57.531380
57.532021
57.532661
57.533211
57.533737
57.534332
57.534882
57.535530
57.536152
57.536694
57.537281
57.537899
57.538483
57.539101
57.539688
57.540237
57.540813
57.541405
57.542080
57.542656
57.543251
57.543755
57.544350
57.545013
57.545624
57.546139
57.546688
