51.014675
51.028690
51.042004
51.054729
51.067043
51.078712
51.090088
51.100948
51.111610
51.121830
51.131725
51.141396
51.150784
51.159901
51.168861
51.177666
51.186096
51.194469
51.202667
51.210655
51.218533
51.226208
51.233841
51.241245
51.248577
51.255795
51.262871
51.269775
51.276798
51.283562
51.290230
51.296783
51.303402
51.309803
51.316235
51.322498
51.328671
51.334778
51.340931
51.346931
51.352932
51.358864
51.364552
51.370415
51.376171
51.381866
51.387459
51.393066
51.398479
51.404018
51.409405
51.414810
51.420124
51.425472
51.430752
51.435932
51.441147
51.446266
51.451344
51.456413
51.461502
51.466492
51.471413
51.476398
51.481216
51.486145
51.490883
51.495705
51.500477
51.505310
51.509995
51.514736
51.519390
51.524017
51.528576
51.533199
51.537712
51.542389
51.546780
51.551338
51.555733
51.560150
51.564590
51.568966
51.573349
51.577736
51.581951
51.586418
51.590687
51.594963
51.599129
51.603333
51.607632
51.611725
51.615913
51.620152
51.624264
51.628414
51.632477
51.636642
51.640583
51.644608
51.648663
51.652721
51.656666
51.660667
51.664658
51.668663
51.672497
51.676483
51.680389
51.684269
51.688152
51.692047
51.695862
51.699780
51.703571
51.707359
51.711128
51.714897
51.718674
51.722469
51.726192
51.729908
51.733604
51.737324
51.741116
51.744686
51.748512
51.752148
51.755680
51.759396
51.763035
51.766624
51.770256
51.773880
51.777428
51.780952
51.784473
51.788059
51.791645
51.795174
51.798660
51.802204
51.805664
51.809120
51.812611
51.816120
51.819546
51.822983
51.826447
51.829876
51.833332
51.836697
51.840179
51.843655
51.846951
51.850407
51.853714
51.857121
51.860348
51.863724
51.867039
51.870415
51.873779
51.877029
51.880352
51.883667
51.886913
51.890247
51.893467
51.896709
51.899986
51.903233
51.906487
51.909740
51.912964
51.916153
51.919418
51.922695
51.925850
51.928967
51.932182
51.935299
51.938522
51.941586
51.944847
51.947998
51.951145
51.954342
51.957363
51.960514
51.963562
51.966702
51.969883
51.973007
51.975990
51.979031
51.982170
51.985249
51.988293
51.991364
51.994438
51.997433
52.000450
52.003601
52.006542
52.009640
52.012661
52.015686
52.018715
52.021717
52.024673
52.027630
52.030651
52.033688
52.036549
52.039516
52.042473
52.045395
52.048363
52.051350
52.054234
52.057175
52.060158
52.063076
52.066051
52.068985
52.071823
52.074745
52.077713
52.080647
52.083492
52.086308
52.089169
52.092060
52.094982
52.097805
52.100758
52.103577
52.106358
52.109226
52.112118
52.114952
52.117798
52.120548
52.123402
52.126202
52.129036
52.131809
52.134636
52.137440
52.140282
52.143040
52.145882
52.148643
52.151482
52.154236
52.156967
52.159786
52.162544
52.165249
52.168064
52.170795
52.173542
52.176292
52.178963
52.181694
52.184471
52.187248
52.189926
52.192604
52.195385
52.198067
52.200775
52.203457
52.206242
52.208923
52.211685
52.214333
52.217014
52.219673
52.222347
52.224960
52.227676
52.230320
52.232941
52.235611
52.238251
52.240959
52.243668
52.246323
52.248913
52.251526
52.254208
52.256786
52.259495
52.262054
52.264751
52.267311
52.269913
52.272533
52.275139
52.277683
52.280376
52.282948
52.285545
52.288208
52.290829
52.293339
52.295830
52.298531
52.301159
52.303631
52.306194
52.308765
52.311382
52.313931
52.316513
52.319061
52.321579
52.324154
52.326702
52.329201
52.331738
52.334213
52.336666
52.339355
52.341934
52.344418
52.346886
52.349464
52.351982
52.354515
52.356979
52.359497
52.361942
52.364483
52.366970
52.369457
52.371933
52.374420
52.376892
52.379425
52.381981
52.384422
52.386883
52.389374
52.391808
52.394279
52.396790
52.399250
52.401730
52.404213
52.406631
52.409035
52.411549
52.413982
52.416439
52.418842
52.421246
52.423706
52.426147
52.428543
52.431007
52.433376
52.435848
52.438232
52.440651
52.443138
52.445549
52.447948
52.450413
52.452862
52.455227
52.457626
52.460037
52.462399
52.464813
52.467224
52.469631
52.471981
52.474319
52.476673
52.479088
52.481487
52.483917
52.486237
52.488525
52.490936
52.493351
52.495689
52.498062
52.500450
52.502850
52.505161
52.507481
52.509789
52.512238
52.514557
52.516888
52.519249
52.521545
52.523895
52.526249
52.528488
52.530926
52.533161
52.535538
52.537949
52.540314
52.542606
52.544830
52.547298
52.549576
52.551861
52.554089
52.556423
52.558731
52.561050
52.563301
52.565670
52.567848
52.570255
52.572563
52.574837
52.577099
52.579388
52.581669
52.583900
52.586262
52.588486
52.590839
52.593212
52.595261
52.597725
52.599979
52.602264
52.604450
52.606743
52.609039
52.611244
52.613575
52.615776
52.618027
52.620281
52.622513
52.624725
52.626987
52.629242
52.631470
52.633762
52.635899
52.638237
52.640427
52.642750
52.644875
52.647148
52.649399
52.651695
52.653812
52.656139
52.658325
52.660549
52.662750
52.664951
52.667206
52.669411
52.671574
52.673862
52.676064
52.678261
52.680439
52.682686
52.684799
52.687111
52.689262
52.691387
52.693668
52.695824
52.697975
52.700207
52.702412
52.704601
52.706768
52.708950
52.711174
52.713348
52.715469
52.717663
52.719898
52.721962
52.724213
52.726418
52.728542
52.730652
52.732864
52.735012
52.737213
52.739418
52.741524
52.743668
52.745895
52.748062
52.750164
52.752361
52.754475
52.756645
52.758801
52.761002
52.763012
52.765224
52.767387
52.769402
52.771645
52.773712
52.775875
52.777988
52.780170
52.782276
52.784412
52.786556
52.788586
52.790764
52.792889
52.795044
52.797176
52.799236
52.801350
52.803436
52.805637
52.807693
52.809875
52.811962
52.814026
52.816074
52.818188
52.820389
52.822498
52.824562
52.826649
52.828850
52.830894
52.833012
52.835026
52.837193
52.839264
52.841389
52.843399
52.845539
52.847588
52.849724
52.851837
52.853901
52.855988
52.858051
52.860126
52.862194
52.864269
52.866337
52.868477
52.870499
52.872555
52.874599
52.876686
52.878777
52.880852
52.882931
52.884937
52.887020
52.889088
52.891102
52.893093
52.895187
52.897274
52.899300
52.901337
52.903400
52.905487
52.907551
52.909538
52.911636
52.913593
52.915787
52.917786
52.919800
52.921848
52.923901
52.925976
52.927975
52.930050
52.932030
52.934124
52.936127
52.938175
52.940102
52.942211
52.944225
52.946293
52.948299
52.950237
52.952312
52.954292
52.956345
52.958275
52.960323
52.962349
52.964424
52.966339
52.968437
52.970474
52.972473
52.974411
52.976463
52.978386
52.980488
52.982426
52.984486
52.986401
52.988438
52.990437
52.992489
52.994461
52.996525
52.998489
53.000477
53.002464
53.004417
53.006325
53.008411
53.010399
53.012386
53.014374
53.016411
53.018364
53.020317
53.022293
53.024349
53.026264
53.028175
53.030212
53.032150
53.034233
53.036224
53.038139
53.040089
53.042000
53.044048
53.045982
53.048000
53.049812
53.051811
53.053787
53.055782
53.057949
53.059742
53.061626
53.063667
53.065514
53.067551
53.069576
53.071461
53.073399
53.075363
53.077351
53.079273
53.081219
53.083176
53.085087
53.087162
53.089024
53.091114
53.092876
53.094875
53.096863
53.098633
53.100674
53.102661
53.104527
53.106487
53.108398
53.110294
53.112293
53.114201
53.116100
53.118011
53.120026
53.121838
53.123852
53.125774
53.127689
53.129677
53.131508
53.133488
53.135406
53.137337
53.139236
53.141117
53.143063
53.145031
53.146893
53.148888
53.150749
53.152588
53.154545
53.156464
53.158375
53.160389
53.162262
53.164089
53.166080
53.167999
53.169888
53.171680
53.173607
53.175461
53.177437
53.179337
53.181198
53.183136
53.185051
53.186924
53.188873
53.190750
53.192554
53.194450
53.196362
53.198296
53.200169
53.202080
53.203976
53.205830
53.207687
53.209538
53.211494
53.213348
53.215214
53.217098
53.218967
53.220875
53.222736
53.224625
53.226475
53.228298
53.230251
53.232189
53.233986
53.235836
53.237701
53.239639
53.241486
53.243336
53.245163
53.247036
53.248962
53.250824
53.252731
53.254593
53.256393
53.258289
53.260151
53.261951
53.263912
53.265751
53.267551
53.269421
53.271343
53.273193
53.275032
53.276905
53.278831
53.280682
53.282520
53.284286
53.286125
53.287930
53.289799
53.291782
53.293495
53.295311
53.297279
53.299076
53.300911
53.302750
53.304493
53.306374
53.308361
53.310104
53.311924
53.313713
53.315594
53.317394
53.319206
53.321125
53.322983
53.324837
53.326645
53.328407
53.330280
53.332130
53.333939
53.335754
53.337467
53.339314
53.341194
53.343014
53.344875
53.346745
53.348442
53.350338
53.352180
53.353951
53.355789
53.357586
53.359386
53.361214
53.363171
53.364994
53.366798
53.368614
53.370380
53.372192
53.374023
53.375832
53.377563
53.379452
53.381149
53.382938
53.384800
53.386650
53.388481
53.390301
53.392033
53.393814
53.395695
53.397499
53.399208
53.401119
53.402855
53.404598
53.406414
53.408218
53.410046
53.411861
53.413651
53.415470
53.417286
53.419056
53.420742
53.422577
53.424419
53.426182
53.428001
53.429836
53.431587
53.433327
53.435150
53.436855
53.438637
53.440475
53.442238
53.444000
53.445812
53.447563
53.449417
53.451206
53.452980
53.454693
53.456470
53.458195
53.460068
53.461838
53.463570
53.465336
53.467152
53.468937
53.470657
53.472481
53.474239
53.476013
53.477798
53.479630
53.481323
53.483025
53.484825
53.486687
53.488487
53.490276
53.491989
53.493774
53.495514
53.497276
53.499039
53.500824
53.502499
53.504368
53.506050
53.507812
53.509583
53.511307
53.513062
53.514824
53.516586
53.518368
53.520126
53.521744
53.523506
53.525261
53.527088
53.528851
53.530575
53.532455
53.534195
53.535881
53.537674
53.539345
53.541088
53.542881
53.544586
53.546238
53.548042
53.549812
53.551506
53.553249
53.554981
53.556751
53.558567
53.560368
53.562012
53.563801
53.565468
53.567207
53.568939
53.570667
53.572357
53.574142
53.575855
53.577538
53.579262
53.581074
53.582855
53.584579
53.586250
53.588074
53.589855
53.591511
53.593220
53.594894
53.596611
53.598351
53.600086
53.601837
53.603519
53.605244
53.607006
53.608692
53.610439
53.612164
53.613876
53.615562
53.617325
53.618988
53.620674
53.622501
53.624287
53.625923
53.627663
53.629452
53.631062
53.632702
53.634369
53.636192
53.637901
53.639580
53.641281
53.643124
53.644787
53.646458
53.648094
53.649876
53.651573
53.653244
53.654919
53.656689
53.658352
53.659981
53.661667
53.663448
53.665226
53.666950
53.668652
53.670387
53.672073
53.673714
53.675392
53.677036
53.678795
53.680557
53.682243
53.683880
53.685661
53.687336
53.688976
53.690536
53.692307
53.694019
53.695770
53.697407
53.699162
53.700748
53.702507
53.704224
53.705883
53.707592
53.709270
53.710907
53.712593
53.714386
53.716019
53.717705
53.719418
53.721176
53.722763
53.724380
53.726082
53.727776
53.729500
53.731186
53.732811
53.734482
53.736256
53.737892
53.739582
53.741287
53.743008
53.744713
53.746326
53.747906
53.749550
53.751163
53.752926
53.754593
53.756313
53.757957
53.759644
53.761280
53.762943
53.764664
53.766338
53.767986
53.769695
53.771370
53.773026
53.774654
53.776287
53.777969
53.779655
53.781368
53.783081
53.784626
53.786243
53.787983
53.789658
53.791302
53.792927
53.794670
53.796387
53.797974
53.799614
53.801327
53.802937
53.804581
53.806187
53.807945
53.809574
53.811268
53.812881
53.814529
53.816181
53.817795
53.819508
53.821194
53.822731
53.824387
53.826069
53.827793
53.829399
53.831013
53.832600
53.834286
53.835999
53.837624
53.839199
53.840832
53.842476
53.844101
53.845779
53.847473
53.849186
53.850761
53.852444
53.854137
53.855762
53.857357
53.859039
53.860676
53.862305
53.863895
53.865532
53.867245
53.868889
53.870480
53.872082
53.873730
53.875401
53.877014
53.878651
53.880306
53.881950
53.883526
53.885124
53.886845
53.888519
53.890079
53.891682
53.893307
53.895031
53.896667
53.898300
53.899879
53.901451
53.903061
53.904781
53.906361
53.908054
53.909687
53.911369
53.912975
53.914574
53.916187
53.917831
53.919380
53.921051
53.922657
53.924263
53.925888
53.927425
53.929108
53.930714
53.932381
53.933964
53.935524
53.937138
53.938801
53.940514
53.942074
53.943550
53.945286
53.946896
53.948612
53.950176
53.951725
53.953358
53.954918
53.956539
53.958057
53.959675
53.961376
53.963013
53.964699
53.966274
53.967876
53.969482
53.971069
53.972713
53.974262
53.975899
53.977539
53.979176
53.980732
53.982327
53.983932
53.985687
53.987206
53.988739
53.990330
53.991951
53.993561
53.995171
53.996723
53.998386
54.000019
54.001598
54.003189
54.004845
54.006489
54.008049
54.009586
54.011101
54.012730
54.014381
54.016026
54.017654
54.019169
54.020714
54.022373
54.023949
54.025513
54.027100
54.028664
54.030376
54.031956
54.033482
54.035057
54.036705
54.038280
54.039875
54.041443
54.043045
54.044651
54.046276
54.047852
54.049362
54.050926
54.052513
54.054092
54.055626
54.057213
54.058846
54.060455
54.062088
54.063648
54.065136
54.066780
54.068436
54.069981
54.071514
54.073055
54.074707
54.076294
54.077862
54.079407
54.080906
54.082657
54.084217
54.085720
54.087311
54.089020
54.090500
54.092068
54.093655
54.095295
54.096863
54.098339
54.099911
54.101524
54.103130
54.104736
54.106262
54.107811
54.109406
54.110992
54.112587
54.114201
54.115688
54.117264
54.118893
54.120399
54.121956
54.123558
54.125095
54.126720
54.128300
54.129829
54.131325
54.132874
54.134464
54.136024
54.137531
54.139149
54.140762
54.142368
54.143951
54.145481
54.146996
54.148544
54.150143
54.151707
54.153214
54.154762
54.156281
54.157917
54.159481
54.160988
54.162621
54.164200
54.165806
54.167263
54.168781
54.170380
54.171883
54.173595
54.175018
54.176552
54.178101
54.179707
54.181271
54.182850
54.184399
54.185886
54.187481
54.189106
54.190681
54.192211
54.193676
54.195255
54.196732
54.198280
54.199894
54.201420
54.202999
54.204525
54.206100
54.207630
54.209106
54.210705
54.212189
54.213730
54.215324
54.216911
54.218464
54.220039
54.221539
54.223080
54.224636
54.226238
54.227711
54.229263
54.230724
54.232346
54.233952
54.235470
54.237019
54.238506
54.240093
54.241619
54.243099
54.244637
54.246155
54.247707
54.249207
54.250648
54.252312
54.253925
54.255482
54.256962
54.258438
54.259995
54.261589
54.263187
54.264717
54.266113
54.267673
54.269207
54.270821
54.272255
54.273750
54.275330
54.276905
54.278477
54.279961
54.281406
54.283054
54.284557
54.286064
54.287651
54.289131
54.290695
54.292267
54.293739
54.295181
54.296707
54.298306
54.299801
54.301292
54.302799
54.304382
54.305958
54.307446
54.308945
54.310520
54.312000
54.313496
54.315094
54.316486
54.318020
54.319530
54.321014
54.322563
54.324112
54.325657
54.327293
54.328812
54.330238
54.331680
54.333206
54.334736
54.336311
54.337849
54.339355
54.340855
54.342312
54.343918
54.345432
54.346992
54.348469
54.349949
54.351494
54.353012
54.354507
54.356026
54.357487
54.358925
54.360481
54.362038
54.363583
54.365044
54.366486
54.368019
54.369549
54.371120
54.372574
54.374062
54.375587
54.377136
54.378639
54.380219
54.381588
54.383137
54.384605
54.386158
54.387680
54.389130
54.390701
54.392151
54.393745
54.395226
54.396717
54.398212
54.399742
54.401237
54.402645
54.404167
54.405704
54.407227
54.408737
54.410233
54.411724
54.413258
54.414745
54.416248
54.417702
54.419151
54.420727
54.422218
54.423706
54.425232
54.426693
54.428143
54.429787
54.431198
54.432701
54.434086
54.435539
54.437038
54.438614
54.440086
54.441517
54.442982
54.444542
54.445957
54.447514
54.448975
54.450493
54.452011
54.453499
54.454914
54.456417
54.457912
54.459419
54.460999
54.462513
54.463974
54.465458
54.466976
54.468483
54.469994
54.471481
54.472908
54.474350
54.475857
54.477375
54.478870
54.480312
54.481857
54.483326
54.484787
54.486294
54.487755
54.489288
54.490726
54.492214
54.493687
54.495117
54.496571
54.498089
54.499523
54.500957
54.502476
54.503937
54.505505
54.507019
54.508549
54.510056
54.511536
54.512932
54.514351
54.515907
54.517330
54.518749
54.520287
54.521694
54.523243
54.524757
54.526161
54.527531
54.529133
54.530594
54.532051
54.533432
54.534901
54.536449
54.538013
54.539581
54.541019
54.542423
54.543839
54.545364
54.546844
54.548363
54.549774
54.551174
54.552582
54.554005
54.555519
54.557037
54.558525
54.559956
54.561413
54.562893
54.564445
54.565830
54.567345
54.568844
54.570274
54.571674
54.573200
54.574642
54.576157
54.577656
54.579155
54.580582
54.582043
54.583508
54.584930
54.586380
54.587875
54.589268
54.590725
54.592224
54.593712
54.595181
54.596577
54.598114
54.599487
54.600964
54.602474
54.603920
54.605312
54.606812
54.608311
54.609795
54.611301
54.612701
54.614113
54.615593
54.617107
54.618519
54.620026
54.621498
54.622887
54.624374
54.625832
54.627289
54.628700
54.630226
54.631668
54.633137
54.634556
54.636082
54.637505
54.639019
54.640427
54.641819
54.643242
54.644680
54.646244
54.647736
54.649193
54.650520
54.651886
54.653370
54.654869
54.656307
54.657700
54.659199
54.660519
54.662125
54.663506
54.665012
54.666420
54.667908
54.669250
54.670837
54.672314
54.673695
54.675163
54.676498
54.678001
54.679386
54.680855
54.682400
54.683826
54.685299
54.686775
54.688187
54.689682
54.691143
54.692554
54.693962
54.695389
54.696861
54.698376
54.699814
54.701237
54.702625
54.704063
54.705521
54.706955
54.708443
54.709900
54.711349
54.712749
54.714180
54.715607
54.717018
54.718426
54.719856
54.721313
54.722767
54.724251
54.725681
54.727062
54.728462
54.729919
54.731426
54.732906
54.734425
54.735806
54.737167
54.738655
54.740036
54.741512
54.742943
54.744350
54.745789
54.747257
54.748699
54.750195
54.751530
54.752987
54.754387
54.755852
54.757362
54.758755
54.760063
54.761501
54.762886
54.764381
54.765907
54.767376
54.768875
54.770081
54.771526
54.772926
54.774445
54.775894
54.777363
54.778786
54.780212
54.781586
54.783051
54.784531
54.785976
54.787437
54.788845
54.790180
54.791645
54.793095
54.794556
54.796021
54.797352
54.798695
54.800125
54.801594
54.803089
54.804531
54.805950
54.807343
54.808681
54.810139
54.811607
54.812992
54.814445
54.815880
54.817268
54.818745
54.820107
54.821487
54.822861
54.824318
54.825806
54.827305
54.828712
54.829983
54.831387
54.832813
54.834206
54.835705
54.837143
54.838539
54.840088
54.841469
54.842861
54.844261
54.845669
54.847118
54.848537
54.849987
54.851395
54.852806
54.854111
54.855556
54.856869
54.858349
54.859776
54.861179
54.862476
54.863918
54.865368
54.866825
54.868286
54.869686
54.871067
54.872456
54.873913
54.875343
54.876839
54.878155
54.879601
54.881039
54.882351
54.883812
54.885193
54.886642
54.888012
54.889488
54.890812
54.892212
54.893581
54.894955
54.896362
54.897701
54.899113
54.900608
54.902031
54.903423
54.904831
54.906288
54.907719
54.909111
54.910519
54.911961
54.913269
54.914726
54.916130
54.917564
54.918907
54.920280
54.921726
54.923119
54.924500
54.925911
54.927319
54.928677
54.930058
54.931488
54.932880
54.934288
54.935638
54.937069
54.938477
54.939919
54.941299
54.942688
54.944069
54.945400
54.946812
54.948231
54.949574
54.951031
54.952431
54.953770
54.955212
54.956532
54.957954
54.959312
54.960751
54.962151
54.963474
54.964962
54.966324
54.967808
54.969212
54.970612
54.971992
54.973370
54.974705
54.976063
54.977486
54.978863
54.980263
54.981617
54.983074
54.984394
54.985756
54.987194
54.988636
54.990017
54.991425
54.992813
54.994186
54.995594
54.997013
54.998314
54.999748
55.001144
55.002537
55.003918
55.005337
55.006695
55.008087
55.009407
55.010811
55.012211
55.013607
55.015018
55.016396
55.017757
55.019188
55.020576
55.021996
55.023327
55.024738
55.026100
55.027493
55.028919
55.030273
55.031693
55.032982
55.034363
55.035763
55.037151
55.038570
55.039974
55.041344
55.042736
55.044067
55.045425
55.046875
55.048275
55.049618
55.051014
55.052330
55.053688
55.055061
55.056557
55.057938
55.059349
55.060726
55.062061
55.063438
55.064743
55.066193
55.067551
55.068981
55.070263
55.071617
55.073032
55.074425
55.075813
55.077194
55.078564
55.079857
55.081268
55.082630
55.084019
55.085388
55.086720
55.088024
55.089413
55.090744
55.092167
55.093594
55.095093
55.096481
55.097851
55.099163
55.100475
55.101757
55.103050
55.104469
55.105820
55.107311
55.108681
55.110119
55.111420
55.112839
55.114182
55.115604
55.116936
55.118267
55.119617
55.120998
55.122417
55.123844
55.125206
55.126556
55.127918
55.129250
55.130589
55.132000
55.133411
55.134689
55.136089
55.137413
55.138821
55.140255
55.141670
55.143044
55.144375
55.145737
55.147087
55.148495
55.149830
55.151196
55.152481
55.153870
55.155231
55.156563
55.157864
55.159233
55.160625
55.161987
55.163395
55.164833
55.166180
55.167549
55.168877
55.170223
55.171608
55.172939
55.174255
55.175575
55.177013
55.178318
55.179794
55.181107
55.182564
55.183819
55.185150
55.186455
55.187813
55.189133
55.190517
55.191856
55.193264
55.194626
55.196018
55.197414
55.198673
55.200058
55.201431
55.202805
55.204113
55.205536
55.206818
55.208130
55.209538
55.210911
55.212280
55.213657
55.215008
55.216312
55.217651
55.219017
55.220337
55.221687
55.222980
55.224449
55.225807
55.227207
55.228558
55.229824
55.231205
55.232525
55.233925
55.235352
55.236698
55.238049
55.239349
55.240669
55.241951
55.243370
55.244705
55.246132
55.247467
55.248795
55.250149
55.251507
55.252811
55.254227
55.255520
55.256870
55.258282
55.259655
55.260967
55.262386
55.263618
55.264988
55.266270
55.267632
55.268986
55.270332
55.271637
55.272999
55.274399
55.275711
55.277107
55.278442
55.279861
55.281200
55.282574
55.283901
55.285233
55.286587
55.287899
55.289295
55.290619
55.291958
55.293304
55.294712
55.295952
55.297279
55.298649
55.299961
55.301292
55.302719
55.304031
55.305363
55.306774
55.308075
55.309330
55.310631
55.311954
55.313381
55.314705
55.316002
55.317417
55.318787
55.320076
55.321495
55.322781
55.324024
55.325401
55.326744
55.328094
55.329380
55.330807
55.332169
55.333500
55.334724
55.336063
55.337345
55.338764
55.340080
55.341457
55.342781
55.344025
55.345367
55.346695
55.348068
55.349430
55.350861
55.352188
55.353580
55.354900
55.356274
55.357464
55.358814
55.360111
55.361530
55.362900
55.364223
55.365513
55.366825
55.368111
55.369400
55.370880
55.372070
55.373512
55.374775
55.376057
55.377396
55.378750
55.380074
55.381386
55.382736
55.384056
55.385464
55.386848
55.388119
55.389462
55.390732
55.392044
55.393318
55.394714
55.395988
55.397350
55.398621
55.399906
55.401245
55.402538
55.403786
55.405125
55.406448
55.407780
55.409176
55.410492
55.411812
55.413120
55.414413
55.415783
55.417145
55.418488
55.419739
55.421169
55.422470
55.423805
55.425064
55.426395
55.427662
55.429039
55.430382
55.431774
55.433102
55.434464
55.435669
55.437031
55.438274
55.439625
55.440937
55.442276
55.443630
55.444942
55.446320
55.447620
55.448864
55.450180
55.451561
55.452869
55.454269
55.455563
55.456856
55.458282
55.459564
55.460808
55.462086
55.463432
55.464767
55.466236
55.467506
55.468769
55.470043
55.471325
55.472557
55.473892
55.475151
55.476570
55.477844
55.479214
55.480507
55.481800
55.483086
55.484394
55.485687
55.487030
55.488377
55.489712
55.491013
55.492294
55.493664
55.494869
55.496231
55.497524
55.498863
55.500217
55.501526
55.502819
55.504044
55.505424
55.506664
55.507996
55.509331
55.510639
55.511986
55.513405
55.514668
55.515999
55.517250
55.518520
55.519852
55.521194
55.522449
55.523792
55.525043
55.526375
55.527630
55.528889
55.530212
55.531536
55.532875
55.534214
55.535469
55.536781
55.538052
55.539394
55.540676
55.542038
55.543362
55.544704
55.546005
55.547287
55.548542
55.549950
55.551250
55.552624
55.553925
55.555187
55.556557
55.557770
55.559071
55.560329
55.561577
55.562832
55.564201
55.565498
55.566925
55.568245
55.569538
55.570805
55.572083
55.573414
55.574745
55.576038
55.577312
55.578674
55.580025
55.581249
55.582645
55.583900
55.585167
55.586483
55.587749
55.589081
55.590401
55.591663
55.593025
55.594276
55.595589
55.596912
55.598232
55.599476
55.600739
55.602001
55.603352
55.604595
55.605995
55.607327
55.608620
55.609936
55.611294
55.612518
55.613907
55.615101
55.616337
55.617630
55.618919
55.620262
55.621613
55.622952
55.624199
55.625511
55.626686
55.627998
55.629288
55.630642
55.631939
55.633289
55.634537
55.635857
55.637161
55.638454
55.639751
55.641037
55.642277
55.643600
55.644844
55.646107
55.647408
55.648743
55.650013
55.651295
55.652637
55.653931
55.655193
55.656487
55.657745
55.659012
55.660351
55.661694
55.662918
55.664219
55.665524
55.666805
55.668076
55.669395
55.670650
55.671906
55.673214
55.674423
55.675694
55.677032
55.678356
55.679630
55.680931
55.682186
55.683487
55.684731
55.686073
55.687305
55.688648
55.689861
55.691170
55.692463
55.693756
55.695080
55.696388
55.697689
55.698963
55.700298
55.701569
55.702869
55.704132
55.705357
55.706619
55.707954
55.709255
55.710606
55.711857
55.713150
55.714420
55.715668
55.716949
55.718292
55.719574
55.720901
55.722069
55.723370
55.724686
55.725918
55.727207
55.728569
55.729919
55.731163
55.732430
55.733624
55.734974
55.736168
55.737419
55.738651
55.740005
55.741337
55.742687
55.744007
55.745224
55.746513
55.747692
55.748955
55.750225
55.751587
55.752831
55.754112
55.755383
55.756630
55.757919
55.759342
55.760563
55.761917
55.763199
55.764549
55.765751
55.766926
55.768139
55.769405
55.770649
55.771996
55.773361
55.774654
55.775974
55.777199
55.778492
55.779739
55.780949
55.782230
55.783501
55.784733
55.786087
55.787376
55.788631
55.789974
55.791248
55.792576
55.793800
55.795086
55.796261
55.797523
55.798832
55.800095
55.801369
55.802650
55.803963
55.805233
55.806461
55.807831
55.809063
55.810329
55.811592
55.812851
55.814133
55.815418
55.816700
55.818012
55.819237
55.820564
55.821838
55.823074
55.824356
55.825668
55.826900
55.828098
55.829449
55.830738
55.831989
55.833244
55.834457
55.835701
55.837017
55.838337
55.839611
55.840893
55.842175
55.843395
55.844658
55.845943
55.847218
55.848530
55.849739
55.850945
55.852249
55.853462
55.854805
55.856075
55.857327
55.858555
55.859818
55.861061
55.862301
55.863594
55.864807
55.866051
55.867325
55.868576
55.869877
55.871124
55.872364
55.873669
55.874855
55.876183
55.877419
55.878750
55.879951
55.881176
55.882557
55.883801
55.885036
55.886337
55.887608
55.888844
55.890118
55.891418
55.892693
55.894020
55.895149
55.896519
55.897705
55.899006
55.900211
55.901550
55.902805
55.904064
55.905327
55.906574
55.907780
55.909031
55.910343
55.911633
55.912930
55.914200
55.915474
55.916733
55.917969
55.919186
55.920467
55.921780
55.922951
55.924164
55.925426
55.926655
55.927837
55.929195
55.930412
55.931644
55.932957
55.934277
55.935551
55.936768
55.938007
55.939270
55.940525
55.941776
55.942982
55.944267
55.945545
55.946812
55.948105
55.949337
55.950619
55.951855
55.953087
55.954456
55.955612
55.956825
55.958164
55.959343
55.960583
55.961819
55.963131
55.964413
55.965614
55.966763
55.968067
55.969242
55.970520
55.971748
55.972980
55.974281
55.975620
55.976799
55.978149
55.979404
55.980686
55.981850
55.983112
55.984444
55.985706
55.986969
55.988155
55.989399
55.990658
55.991951
55.993183
55.994457
55.995731
55.996975
55.998177
55.999382
56.000599
56.001957
56.003136
56.004452
56.005695
56.006832
56.008099
56.009396
56.010689
56.011906
56.013180
56.014526
56.015682
56.016945
56.018173
56.019333
56.020638
56.021908
56.023083
56.024307
56.025486
56.026783
56.028095
56.029350
56.030575
56.031830
56.033043
56.034294
56.035576
56.036842
56.038074
56.039330
56.040630
56.041836
56.043106
56.044292
56.045513
56.046814
56.048058
56.049339
56.050583
56.051781
56.053093
56.054249
56.055618
56.056694
56.057987
56.059307
56.060482
56.061695
56.062962
56.064293
56.065506
56.066799
56.067993
56.069263
56.070564
56.071751
56.072926
56.074192
56.075367
56.076618
56.077801
56.079132
56.080311
56.081554
56.082855
56.084076
56.085377
56.086544
56.087849
56.089111
56.090332
56.091614
56.092850
56.094139
56.095356
56.096611
56.097775
56.099026
56.100273
56.101437
56.102608
56.103855
56.105087
56.106255
56.107517
56.108727
56.109951
56.111198
56.112450
56.113758
56.115063
56.116219
56.117413
56.118587
56.119823
56.121204
56.122406
56.123695
56.125000
56.126186
56.127312
56.128502
56.129726
56.130955
56.132195
56.133495
56.134743
56.135937
56.137230
56.138412
56.139694
56.140945
56.142124
56.143414
56.144680
56.145855
56.147186
56.148361
56.149624
56.150917
56.152119
56.153313
56.154480
56.155704
56.156963
56.158218
56.159557
56.160755
56.162006
56.163307
56.164570
56.165745
56.166969
56.168167
56.169361
56.170563
56.171825
56.172989
56.174217
56.175526
56.176777
56.178013
56.179264
56.180450
56.181633
56.182800
56.184017
56.185326
56.186504
56.187824
56.189083
56.190243
56.191483
56.192619
56.193901
56.195129
56.196255
56.197468
56.198727
56.199989
56.201233
56.202477
56.203693
56.204914
56.206169
56.207352
56.208614
56.209801
56.211025
56.212257
56.213417
56.214695
56.215950
56.217224
56.218407
56.219746
56.220989
56.222111
56.223358
56.224556
56.225719
56.227020
56.228130
56.229324
56.230637
56.231937
56.233032
56.234169
56.235462
56.236629
56.237877
56.239094
56.240364
56.241657
56.242901
56.244183
56.245350
56.246483
56.247650
56.248867
56.250076
56.251427
56.252594
56.253925
56.255100
56.256275
56.257580
56.258694
56.259830
56.261089
56.262333
56.263596
56.264832
56.265987
56.267101
56.268414
56.269611
56.270874
56.272163
56.273399
56.274601
56.275757
56.277008
56.278313
56.279583
56.280807
56.282043
56.283295
56.284508
56.285664
56.286869
56.288036
56.289249
56.290470
56.291649
56.292942
56.294151
56.295349
56.296642
56.297825
56.299080
56.300262
56.301468
56.302582
56.303856
56.305058
56.306274
56.307480
56.308689
56.309895
56.311111
56.312363
56.313587
56.314732
56.315987
56.317108
56.318386
56.319576
56.320683
56.322018
56.323257
56.324463
56.325695
56.326862
56.328114
56.329308
56.330502
56.331730
56.332905
56.334118
56.335361
56.336639
56.337898
56.339081
56.340286
56.341488
56.342670
56.343906
56.345070
56.346394
56.347538
56.348732
56.349979
56.351200
56.352345
56.353592
56.354782
56.356014
56.357220
56.358406
56.359661
56.360825
56.362057
56.363308
56.364506
56.365799
56.366962
56.368183
56.369251
56.370518
56.371700
56.372868
56.374218
56.375381
56.376598
56.377811
56.378895
56.380081
56.381351
56.382549
56.383823
56.384949
56.386192
56.387375
56.388538
56.389782
56.391045
56.392231
56.393501
56.394714
56.395855
56.397057
56.398220
56.399418
56.400738
56.401943
56.403168
56.404457
56.405624
56.406799
56.407982
56.409111
56.410362
56.411564
56.412773
56.413994
56.415176
56.416451
56.417614
56.418819
56.420101
56.421280
56.422562
56.423656
56.424858
56.426048
56.427242
56.428364
56.429600
56.430737
56.431995
56.433273
56.434486
56.435738
56.436974
56.438225
56.439392
56.440514
56.441639
56.442867
56.444050
56.445255
56.446407
56.447739
56.448887
56.450020
56.451225
56.452450
56.453701
56.454876
56.456051
56.457249
56.458405
56.459568
56.460712
56.461933
56.463245
56.464424
56.465538
56.466763
56.467911
56.469139
56.470406
56.471542
56.472687
56.473949
56.475250
56.476364
56.477482
56.478764
56.479969
56.481174
56.482330
56.483589
56.484695
56.485802
56.486977
56.488232
56.489532
56.490738
56.492012
56.493183
56.494419
56.495525
56.496681
56.497887
56.499050
56.500183
56.501461
56.502712
56.503925
56.505100
56.506351
56.507511
56.508667
56.509857
56.510944
56.512177
56.513420
56.514519
56.515720
56.516956
56.518162
56.519394
56.520542
56.521736
56.523075
56.524250
56.525467
56.526707
56.527912
56.528999
56.530186
56.531326
56.532475
56.533676
56.534821
56.536026
56.537281
56.538513
56.539730
56.540970
56.542187
56.543343
56.544537
56.545700
56.546963
56.548061
56.549236
56.550411
56.551674
56.552788
56.553932
56.555099
56.556393
56.557545
56.558689
56.559956
56.561157
56.562267
56.563488
56.564587
56.565758
56.566956
56.568226
56.569473
56.570683
56.571861
56.573017
56.574139
56.575275
56.576443
56.577675
56.578888
56.580154
56.581299
56.582508
56.583694
56.584881
56.586067
56.587288
56.588402
56.589588
56.590736
56.592014
56.593132
56.594311
56.595486
56.596592
56.597832
56.598999
56.600174
56.601387
56.602612
56.603832
56.605030
56.606281
56.607349
56.608486
56.609711
56.610863
56.612133
56.613232
56.614414
56.615543
56.616730
56.617924
56.619099
56.620251
56.621506
56.622681
56.623852
56.625118
56.626244
56.627480
56.628712
56.629845
56.631039
56.632195
56.633331
56.634575
56.635807
56.636864
56.638111
56.639214
56.640339
56.641613
56.642838
56.643970
56.645218
56.646374
56.647617
56.648788
56.649937
56.651157
56.652264
56.653412
56.654598
56.655788
56.656944
56.658176
56.659363
56.660538
56.661739
56.662838
56.664062
56.665245
56.666363
56.667492
56.668663
56.669926
56.671181
56.672333
56.673531
56.674683
56.675823
56.677044
56.678192
56.679352
56.680580
56.681694
56.682869
56.684025
56.685181
56.686333
56.687542
56.688751
56.689926
56.691006
56.692169
56.693344
56.694607
56.695744
56.696930
56.698124
56.699306
56.700493
56.701717
56.702881
56.704048
56.705193
56.706402
56.707561
56.708820
56.710007
56.711220
56.712330
56.713482
56.714661
56.715874
56.716957
56.718182
56.719311
56.720417
56.721607
56.722767
56.723938
56.725189
56.726387
56.727551
56.728775
56.730000
56.731094
56.732201
56.733337
56.734524
56.735764
56.736919
56.738094
56.739288
56.740505
56.741669
56.742783
56.743961
56.745113
56.746258
56.747398
56.748505
56.749695
56.750900
56.752045
56.753220
56.754406
56.755600
56.756783
56.757923
56.759132
56.760307
56.761406
56.762592
56.763737
56.764908
56.766048
56.767193
56.768375
56.769482
56.770695
56.771900
56.773106
56.774261
56.775486
56.776649
56.777744
56.778957
56.780170
56.781319
56.782482
56.783607
56.784805
56.786037
56.787239
56.788456
56.789562
56.790745
56.791901
56.793007
56.794193
56.795380
56.796520
56.797699
56.798851
56.800007
56.801262
56.802418
56.803600
56.804688
56.805824
56.807011
56.808220
56.809277
56.810413
56.811550
56.812695
56.813839
56.815044
56.816193
56.817368
56.818619
56.819794
56.821049
56.822205
56.823349
56.824482
56.825661
56.826820
56.827892
56.829067
56.830227
56.831299
56.832443
56.833637
56.834805
56.836006
56.837124
56.838249
56.839394
56.840649
56.841770
56.842957
56.844120
56.845245
56.846470
56.847649
56.848839
56.850044
56.851158
56.852295
56.853451
56.854599
56.855770
56.856987
56.858200
56.859268
56.860371
56.861629
56.862801
56.863911
56.865063
56.866238
56.867405
56.868519
56.869663
56.870876
56.872002
56.873138
56.874306
56.875462
56.876724
56.877876
56.879032
56.880074
56.881283
56.882458
56.883633
56.884792
56.885838
56.887012
56.888157
56.889355
56.890461
56.891651
56.892849
56.893925
56.895130
56.896320
56.897362
56.898495
56.899639
56.900818
56.902061
56.903225
56.904400
56.905556
56.906837
56.907970
56.909000
56.910187
56.911236
56.912437
56.913551
56.914711
56.915901
56.917046
56.918224
56.919468
56.920658
56.921719
56.922943
56.924107
56.925255
56.926376
56.927536
56.928658
56.929787
56.930901
56.932156
56.933331
56.934483
56.935669
56.936787
56.938000
56.939056
56.940201
56.941395
56.942486
56.943630
56.944820
56.945869
56.946968
56.948212
56.949436
56.950607
56.951794
56.952927
56.954056
56.955181
56.956200
56.957382
56.958580
56.959850
56.960938
56.962070
56.963230
56.964382
56.965569
56.966713
56.967827
56.968967
56.970139
56.971313
56.972424
56.973564
56.974770
56.975861
56.977093
56.978336
56.979393
56.980556
56.981693
56.982819
56.983925
56.985081
56.986282
56.987392
56.988548
56.989643
56.990692
56.991844
56.992989
56.994148
56.995338
56.996483
56.997639
56.998764
56.999901
57.000996
57.002182
57.003330
57.004555
57.005711
57.006844
57.007999
57.009117
57.010368
57.011349
57.012474
57.013645
57.014763
57.015892
57.017033
57.018143
57.019337
57.020542
57.021664
57.022820
57.024044
57.025211
57.026356
57.027473
57.028526
57.029743
57.030914
57.031994
57.033207
57.034420
57.035526
57.036598
57.037838
57.038906
57.040081
57.041233
57.042351
57.043457
57.044674
57.045807
57.046906
57.047974
57.049164
57.050323
57.051411
57.052555
57.053757
57.054955
57.056129
57.057304
57.058445
57.059593
57.060749
57.061825
57.062939
57.064114
57.065231
57.066395
57.067539
57.068645
57.069794
57.070942
57.072105
57.073219
57.074402
57.075512
57.076694
57.077858
57.079006
57.080112
57.081245
57.082363
57.083462
57.084557
57.085606
57.086777
57.087982
57.089058
57.090214
57.091427
57.092567
57.093670
57.094875
57.096001
57.097145
57.098263
57.099499
57.100662
57.101780
57.102795
57.103920
57.105099
57.106205
57.107349
57.108555
57.109707
57.110924
57.112076
57.113186
57.114250
57.115376
57.116482
57.117649
57.118744
57.119801
57.121006
57.122139
57.123356
57.124523
57.125595
57.126675
57.127995
57.129070
57.130196
57.131336
57.132469
57.133488
57.134563
57.135750
57.136864
57.137955
57.139130
57.140331
57.141457
57.142620
57.143776
57.144932
57.146095
57.147202
57.148357
57.149487
57.150593
57.151737
57.152912
57.154007
57.155102
57.156281
57.157356
57.158512
57.159557
57.160725
57.161907
57.163017
57.164188
57.165276
57.166443
57.167580
57.168755
57.169899
57.171024
57.172161
57.173302
57.174343
57.175499
57.176632
57.177795
57.178936
57.180119
57.181156
57.182312
57.183525
57.184563
57.185696
57.186874
57.187923
57.189045
57.190136
57.191261
57.192326
57.193508
57.194668
57.195770
57.196949
57.198032
57.199120
57.200245
57.201336
57.202480
57.203671
57.204758
57.205898
57.207058
57.208218
57.209270
57.210312
57.211445
57.212643
57.213795
57.214989
57.216137
57.217239
57.218376
57.219395
57.220554
57.221657
57.222786
57.223957
57.225094
57.226173
57.227276
57.228500
57.229664
57.230843
57.231949
57.233143
57.234287
57.235432
57.236546
57.237652
57.238792
57.239876
57.241070
57.242256
57.243374
57.244495
57.245594
57.246758
57.247856
57.248936
57.250000
57.251125
57.252213
57.253414
57.254555
57.255669
57.256748
57.257812
57.258938
57.260044
57.261169
57.262264
57.263432
57.264576
57.265789
57.266918
57.267937
57.269089
57.270248
57.271313
57.272400
57.273499
57.274620
57.275745
57.276852
57.277992
57.279163
57.280220
57.281380
57.282600
57.283676
57.284843
57.285938
57.287006
57.288155
57.289276
57.290451
57.291618
57.292637
57.293743
57.294930
57.295952
57.297108
57.298206
57.299343
57.300388
57.301537
57.302700
57.303867
57.304901
57.305981
57.307114
57.308270
57.309387
57.310493
57.311638
57.312737
57.313927
57.314957
57.316189
57.317261
57.318375
57.319599
57.320744
57.321819
57.322830
57.323914
57.325119
57.326256
57.327374
57.328480
57.329632
57.330730
57.331844
57.332932
57.334026
57.335133
57.336414
57.337513
57.338608
57.339783
57.340881
57.341930
57.343056
57.344151
57.345219
57.346405
57.347469
57.348579
57.349693
57.350792
57.351826
57.352974
57.354156
57.355282
57.356449
57.357613
57.358761
57.359852
57.360920
57.362045
57.363132
57.364162
57.365288
57.366375
57.367462
57.368538
57.369781
57.370808
57.371925
57.373112
57.374229
57.375286
57.376419
57.377525
57.378639
57.379818
57.380882
57.381981
57.383163
57.384254
57.385338
57.386433
57.387512
57.388626
57.389786
57.390945
57.392067
57.393242
57.394325
57.395481
57.396557
57.397636
57.398743
57.399914
57.400963
57.402023
57.403149
57.404289
57.405312
57.406414
57.407532
57.408768
57.409920
57.411026
57.412117
57.413258
57.414387
57.415482
57.416512
57.417656
57.418812
57.419861
57.421013
57.421982
57.423149
57.424286
57.425430
57.426575
57.427700
57.428795
57.430012
57.431068
57.432163
57.433250
57.434357
57.435432
57.436539
57.437683
57.438789
57.439857
57.441036
57.442139
57.443287
57.444450
57.445614
57.446663
57.447723
57.448849
57.449955
57.451019
57.452099
57.453236
57.454395
57.455414
57.456570
57.457588
57.458767
57.459869
57.460907
57.462013
57.463142
57.464199
57.465324
57.466518
57.467556
57.468651
57.469749
57.470837
57.471893
57.473026
57.474117
57.475204
57.476357
57.477451
57.478680
57.479774
57.480869
57.482033
57.483086
57.484226
57.485344
57.486458
57.487598
57.488731
57.489689
57.490788
57.491951
57.492992
57.494106
57.495193
57.496292
57.497395
57.498512
57.499569
57.500629
57.501762
57.502880
57.503914
57.505051
57.506176
57.507267
57.508438
57.509594
57.510708
57.511787
57.512951
57.514030
57.515125
57.516232
57.517288
57.518513
57.519608
57.520733
57.521839
57.523014
57.524082
57.525173
57.526295
57.527302
57.528408
57.529488
57.530582
57.531738
57.532825
57.533924
57.534939
57.536011
57.537086
57.538223
57.539364
57.540501
57.541611
57.542717
57.543823
57.544968
57.546021
57.547050
57.548214
57.549355
57.550411
57.551498
57.552620
57.553677
57.554836
57.555904
57.557018
57.558086
57.559200
57.560261
57.561382
57.562542
57.563637
57.564713
57.565674
57.566849
57.567993
57.569023
57.570114
57.571194
57.572281
57.573406
57.574505
57.575649
57.576733
57.577789
57.578987
57.580063
57.581226
57.582298
57.583355
57.584354
57.585499
57.586494
57.587589
57.588768
57.589832
57.591045
57.592152
57.593300
57.594368
57.595505
57.596569
57.597618
57.598667
57.599869
57.600956
57.602081
57.603207
57.604206
57.605324
57.606480
57.607544
57.608532
57.609619
57.610764
57.611862
57.612995
57.614231
57.615276
57.616348
57.617405
57.618561
57.619644
57.620712
57.621769
57.622898
57.623993
57.625126
57.626293
57.627300
57.628387
57.629444
57.630493
57.631626
57.632626
57.633667
57.634895
57.635975
57.637070
57.638168
57.639286
57.640350
57.641506
57.642574
57.643612
57.644714
57.645832
57.646873
57.647919
57.649036
57.650093
57.651169
57.652264
57.653442
57.654476
57.655655
57.656738
57.657818
57.658875
57.659939
57.661068
57.662144
57.663231
57.664314
57.665394
57.666542
57.667545
57.668537
57.669632
57.670738
57.671806
57.672962
57.674129
57.675182
57.676270
57.677486
57.678543
57.679707
57.680786
57.681843
57.682964
57.684132
57.685249
57.686337
57.687450
57.688488
57.689529
57.690613
57.691612
57.692650
57.693718
57.694855
57.695930
57.697083
57.698174
57.699245
57.700336
57.701370
57.702457
57.703602
57.704731
57.705799
57.706818
57.707989
57.709068
57.710167
57.711189
57.712212
57.713356
57.714405
57.715492
57.716599
57.717670
57.718781
57.719788
57.720875
57.721943
57.723049
57.724220
57.725368
57.726395
57.727592
57.728733
57.729801
57.730839
57.731945
57.732975
57.734020
57.735081
57.736256
57.737320
57.738338
57.739281
57.740398
57.741562
57.742512
57.743629
57.744770
57.745869
57.747036
57.748142
57.749256
57.750423
57.751461
57.752583
57.753605
57.754650
57.755795
57.756817
57.757893
57.759018
57.760101
57.761158
57.762180
57.763351
57.764439
57.765549
57.766701
57.767826
57.768829
57.769894
57.770981
57.771980
57.773174
57.774151
57.775211
57.776344
57.777351
57.778477
57.779625
57.780701
57.781708
57.782837
57.783974
57.785038
57.786133
57.787231
57.788258
57.789364
57.790482
57.791470
57.792568
57.793625
57.794724
57.795761
57.796963
57.798069
57.799187
57.800274
57.801327
57.802406
57.803425
57.804504
57.805538
57.806618
57.807720
57.808846
57.809830
57.810886
57.811954
57.812939
57.814037
57.815201
57.816311
57.817471
57.818531
57.819576
57.820686
57.821712
57.822819
57.823875
57.824932
57.826031
57.827168
57.828262
57.829269
57.830296
57.831394
57.832443
57.833530
57.834702
57.835781
57.836830
57.837883
57.839020
57.840096
57.841118
57.842205
57.843327
57.844433
57.845486
57.846714
57.847775
57.848820
57.849945
57.850975
57.852093
57.853146
57.854168
57.855236
57.856270
57.857361
57.858387
57.859524
57.860569
57.861626
57.862736
57.863842
57.864845
57.865955
57.867092
57.868237
57.869232
57.870338
57.871426
57.872505
57.873589
57.874550
57.875557
57.876686
57.877739
57.878807
57.879845
57.880920
57.882069
57.883106
57.884254
57.885357
57.886406
57.887501
57.888561
57.889606
57.890636
57.891788
57.892780
57.893837
57.894894
57.895988
57.897049
57.898045
57.899139
57.900337
57.901402
57.902519
57.903625
57.904617
57.905682
57.906742
57.907894
57.908932
57.909920
57.911118
57.912174
57.913326
57.914368
57.915424
57.916561
57.917587
57.918606
57.919651
57.920776
57.921833
57.923008
57.923977
57.925064
57.926155
57.927208
57.928307
57.929394
57.930401
57.931526
57.932549
57.933613
57.934669
57.935680
57.936749
57.937836
57.938869
57.939976
57.941132
57.942280
57.943336
57.944431
57.945488
57.946507
57.947544
57.948639
57.949619
57.950687
57.951767
57.952812
57.953911
57.955017
57.956036
57.957043
57.958126
57.959244
57.960381
57.961399
57.962521
57.963642
57.964725
57.965767
57.966801
57.967812
57.968807
57.969818
57.970886
57.972027
57.973118
57.974167
57.975307
57.976364
57.977486
57.978638
57.979782
57.980762
57.981907
57.982956
57.984001
57.985043
57.986126
57.987202
57.988201
57.989182
57.990227
57.991295
57.992275
57.993431
57.994499
57.995632
57.996750
57.997807
57.998806
57.999889
58.000919
58.002007
58.003044
58.004112
58.005142
58.006157
58.007320
58.008400
58.009361
58.010387
58.011513
58.012608
58.013599
58.014713
58.015751
58.016800
58.017963
58.019020
58.019962
58.021095
58.022182
58.023174
58.024239
58.025318
58.026402
58.027527
58.028667
58.029675
58.030899
58.031944
58.033012
58.034031
58.035156
58.036163
58.037239
58.038258
58.039337
58.040401
58.041470
58.042450
58.043549
58.044567
58.045700
58.046650
58.047726
58.048805
58.049858
58.050945
58.052025
58.053036
58.054180
58.055317
58.056293
58.057362
58.058445
58.059483
58.060555
58.061539
58.062607
58.063606
58.064743
58.065845
58.066906
58.067936
58.069008
58.070049
58.071194
58.072258
58.073364
58.074348
58.075405
58.076420
58.077549
58.078613
58.079693
58.080711
58.081799
58.082886
58.083912
58.085018
58.086113
58.087189
58.088192
58.089256
58.090321
58.091362
58.092457
58.093525
58.094604
58.095627
58.096725
58.097744
58.098789
58.099731
58.100857
58.101967
58.102974
58.104095
58.105206
58.106262
58.107307
58.108376
58.109394
58.110401
58.111492
58.112526
58.113575
58.114605
58.115707
58.116749
58.117805
58.118938
58.119911
58.120956
58.121986
58.122993
58.124039
58.125225
58.126270
58.127377
58.128330
58.129475
58.130482
58.131557
58.132637
58.133537
58.134655
58.135738
58.136780
58.137806
58.138824
58.139977
58.141068
58.142162
58.143288
58.144405
58.145432
58.146507
58.147594
58.148567
58.149563
58.150562
58.151592
58.152699
58.153782
58.154812
58.155869
58.156918
58.158020
58.159069
58.160156
58.161205
58.162273
58.163258
58.164314
58.165337
58.166462
58.167587
58.168701
58.169750
58.170795
58.171856
58.172886
58.173870
58.174892
58.175919
58.176956
58.178024
58.179001
58.180099
58.181206
58.182186
58.183281
58.184261
58.185326
58.186382
58.187382
58.188450
58.189487
58.190563
58.191711
58.192837
58.193813
58.194901
58.195999
58.197067
58.198044
58.199020
58.199993
58.201099
58.202232
58.203262
58.204338
58.205376
58.206383
58.207432
58.208481
58.209450
58.210514
58.211632
58.212688
58.213776
58.214813
58.216011
58.217056
58.218006
58.219082
58.220177
58.221180
58.222214
58.223293
58.224331
58.225319
58.226299
58.227413
58.228508
58.229530
58.230675
58.231731
58.232750
58.233818
58.234825
58.235920
58.236931
58.238049
58.239086
58.240150
58.241180
58.242256
58.243286
58.244305
58.245377
58.246449
58.247494
58.248413
58.249489
58.250561
58.251637
58.252636
58.253651
58.254593
58.255718
58.256802
58.257923
58.259064
58.260052
58.261093
58.262150
58.263218
58.264252
58.265320
58.266319
58.267376
58.268452
58.269501
58.270538
58.271599
58.272713
58.273769
58.274731
58.275780
58.276806
58.277832
58.279018
58.280132
58.281063
58.282230
58.283249
58.284294
58.285301
58.286358
58.287449
58.288464
58.289532
58.290482
58.291508
58.292625
58.293663
58.294594
58.295624
58.296680
58.297745
58.298862
58.299927
58.301018
58.302025
58.303001
58.304062
58.305119
58.306129
58.307220
58.308231
58.309200
58.310230
58.311256
58.312363
58.313362
58.314430
58.315464
58.316448
58.317574
58.318600
58.319519
58.320667
58.321705
58.322792
58.323895
58.324955
58.325989
58.327026
58.328018
58.328968
58.330017
58.330975
58.332005
58.333027
58.334038
58.335152
58.336231
58.337330
58.338387
58.339470
58.340488
58.341576
58.342663
58.343605
58.344673
58.345695
58.346802
58.347889
58.348938
58.349945
58.350994
58.351967
58.352989
58.353973
58.355068
58.356098
58.357136
58.358280
58.359344
58.360405
58.361439
58.362442
58.363525
58.364555
58.365562
58.366619
58.367626
58.368706
58.369675
58.370743
58.371777
58.372807
58.373882
58.374889
58.375938
58.376987
58.378014
58.379101
58.380119
58.381199
58.382294
58.383369
58.384449
58.385448
58.386501
58.387539
58.388626
58.389606
58.390667
58.391750
58.392807
58.393864
58.394863
58.395901
58.396919
58.397968
58.398975
58.399933
58.400993
58.402061
58.403130
58.404099
58.405170
58.406269
58.407280
58.408211
58.409218
58.410320
58.411388
58.412479
58.413517
58.414524
58.415630
58.416637
58.417713
58.418655
58.419605
58.420643
58.421700
58.422657
58.423805
58.424858
58.425861
58.426888
58.427826
58.428886
58.429913
58.430939
58.431950
58.432999
58.434071
58.435120
58.436169
58.437218
58.438244
58.439293
58.440327
58.441357
58.442375
58.443451
58.444420
58.445431
58.446468
58.447495
58.448582
58.449562
58.450581
58.451614
58.452686
58.453751
58.454830
58.455875
58.456856
58.457905
58.458961
58.460014
58.461063
58.462105
58.463100
58.464157
58.465233
58.466270
58.467339
58.468338
58.469398
58.470356
58.471367
58.472431
58.473511
58.474518
58.475555
58.476620
58.477562
58.478611
58.479668
58.480663
58.481693
58.482708
58.483780
58.484779
58.485832
58.486843
58.487877
58.488949
58.489964
58.491013
58.492138
58.493206
58.494251
58.495331
58.496300
58.497337
58.498356
58.499344
58.500305
58.501389
58.502399
58.503357
58.504368
58.505363
58.506474
58.507469
58.508430
58.509636
58.510632
58.511688
58.512730
58.513725
58.514744
58.515755
58.516895
58.517967
58.519054
58.520023
58.521019
58.522045
58.523106
58.524139
58.525173
58.526119
58.527233
58.528282
58.529343
58.530342
58.531395
58.532406
58.533394
58.534420
58.535362
58.536469
58.537537
58.538536
58.539551
58.540512
58.541599
58.542683
58.543655
58.544621
58.545639
58.546642
58.547668
58.548695
58.549774
58.550880
58.551876
58.553020
58.554020
58.555149
58.556168
58.557106
58.558094
58.559120
58.560169
58.561180
58.562164
58.563225
58.564251
58.565292
58.566307
58.567299
58.568375
58.569382
58.570408
58.571419
58.572483
58.573456
58.574406
58.575424
58.576382
58.577389
58.578400
58.579517
58.580513
58.581573
58.582607
58.583694
58.584694
58.585739
58.586708
58.587818
58.588902
58.589886
58.590893
58.591869
58.592800
58.593800
58.594845
58.595886
58.596836
58.597782
58.598831
58.599838
58.600918
58.601936
58.602989
58.604012
58.605106
58.606174
58.607239
58.608299
58.609295
58.610313
58.611301
58.612362
58.613358
58.614361
58.615433
58.616405
58.617439
58.618423
58.619411
58.620445
58.621571
58.622620
58.623611
58.624676
58.625637
58.626598
58.627636
58.628670
58.629639
58.630680
58.631767
58.632820
58.633831
58.634918
58.635948
58.637012
58.638130
58.639149
58.640148
58.641106
58.642143
58.643139
58.644176
58.645168
58.646175
58.647167
58.648125
58.649170
58.650150
58.651264
58.652264
58.653236
58.654289
58.655289
58.656349
58.657364
58.658367
58.659393
58.660439
58.661407
58.662380
58.663456
58.664413
58.665421
58.666470
58.667511
58.668587
58.669582
58.670624
58.671619
58.672611
58.673611
58.674686
58.675682
58.676731
58.677700
58.678669
58.679726
58.680794
58.681805
58.682877
58.683895
58.685001
58.686092
58.687042
58.688095
58.689125
58.690105
58.691101
58.692188
58.693199
58.694195
58.695202
58.696251
58.697289
58.698250
58.699169
58.700199
58.701206
58.702232
58.703293
58.704300
58.705242
58.706329
58.707432
58.708462
58.709496
58.710461
58.711380
58.712399
58.713425
58.714363
58.715450
58.716442
58.717426
58.718330
58.719387
58.720367
58.721386
58.722389
58.723438
58.724457
58.725525
58.726570
58.727520
58.728569
58.729637
58.730644
58.731655
58.732643
58.733673
58.734764
58.735744
58.736755
58.737751
58.738724
58.739864
58.740883
58.741955
58.742962
58.743988
58.745007
58.746063
58.747074
58.748020
58.749031
58.750019
58.751007
58.751999
58.753052
58.754101
58.755093
58.756161
58.757145
58.758133
58.759193
58.760220
58.761242
58.762169
58.763180
