50.999992
51.000011
51.000004
51.000019
51.000004
50.999992
50.999989
50.999977
50.999966
50.999939
50.999989
50.999950
50.999947
50.999973
51.000008
50.999977
50.999996
50.999943
50.999966
50.999985
50.999973
50.999954
50.999889
51.000038
50.999939
50.999958
50.999981
50.999905
50.999912
50.999939
51.000004
50.999912
50.999950
50.999992
50.999908
50.999977
50.999992
50.999947
50.999950
50.999928
50.999905
51.000004
50.999863
50.999935
50.999966
50.999950
50.999992
50.999931
50.999958
50.999981
51.000000
51.000019
50.999954
50.999928
50.999954
50.999924
50.999889
50.999901
50.999958
50.999989
50.999939
50.999905
50.999973
50.999973
50.999992
50.999985
50.999966
50.999931
50.999962
50.999977
50.999962
50.999969
50.999962
50.999973
50.999969
50.999908
51.000046
50.999962
50.999939
50.999954
50.999847
50.999958
50.999969
50.999950
50.999973
50.999947
50.999947
50.999905
50.999950
50.999973
50.999882
50.999924
50.999977
50.999916
50.999935
50.999977
50.999916
50.999928
50.999912
50.999897
50.999962
50.999924
50.999989
51.000008
50.999989
50.999916
50.999905
50.999916
50.999851
50.999897
50.999886
50.999947
50.999916
50.999893
50.999943
50.999928
50.999901
50.999931
50.999863
51.000023
50.999931
50.999897
50.999969
50.999992
50.999935
50.999889
50.999886
50.999855
50.999905
50.999931
50.999847
50.999924
50.999870
50.999889
50.999916
50.999870
50.999931
50.999962
50.999889
50.999958
50.999901
50.999897
50.999870
50.999958
50.999939
50.999935
50.999905
50.999958
50.999977
50.999969
50.999985
50.999912
51.000008
50.999905
50.999866
50.999912
50.999847
50.999916
50.999897
50.999939
50.999905
50.999939
50.999855
50.999840
50.999912
50.999920
50.999939
50.999969
50.999969
50.999966
50.999931
50.999924
50.999889
50.999931
50.999912
50.999897
50.999939
50.999935
50.999889
50.999882
50.999901
50.999889
50.999950
50.999874
50.999954
50.999878
50.999874
50.999889
50.999882
50.999897
50.999943
50.999882
50.999966
50.999908
50.999920
50.999950
50.999893
50.999931
50.999924
50.999916
50.999905
50.999920
50.999924
50.999878
50.999840
50.999851
50.999870
50.999958
50.999916
50.999908
50.999958
50.999901
50.999958
50.999931
50.999905
50.999958
50.999870
50.999882
50.999870
50.999939
50.999939
50.999905
50.999878
50.999866
50.999947
50.999878
50.999893
50.999916
50.999966
50.999905
50.999878
50.999874
50.999859
50.999878
50.999908
50.999901
50.999844
50.999928
50.999905
50.999844
50.999897
50.999851
50.999874
50.999844
50.999908
50.999886
50.999924
50.999905
50.999889
50.999889
50.999939
50.999882
50.999924
50.999866
50.999897
50.999916
50.999905
50.999866
50.999855
50.999805
50.999935
50.999950
50.999878
50.999882
50.999905
50.999847
50.999855
50.999870
50.999924
50.999950
50.999958
50.999908
50.999939
50.999920
50.999943
50.999886
50.999908
50.999878
50.999870
50.999924
50.999870
50.999870
50.999916
50.999939
50.999935
50.999920
50.999931
50.999969
50.999916
50.999943
50.999943
50.999928
50.999928
50.999924
50.999924
50.999901
50.999874
50.999950
50.999908
50.999931
50.999947
50.999973
50.999928
50.999897
50.999905
50.999920
50.999973
50.999905
50.999920
50.999908
51.000019
50.999859
50.999908
50.999924
50.999947
50.999874
50.999908
50.999916
50.999905
50.999851
50.999928
50.999958
50.999897
50.999928
50.999943
50.999928
50.999874
50.999851
50.999958
50.999943
50.999939
50.999924
50.999954
50.999992
50.999836
50.999935
51.000004
50.999958
50.999958
50.999996
50.999943
50.999966
51.000027
50.999908
50.999874
50.999981
51.000004
51.000000
50.999958
50.999950
50.999908
50.999905
50.999954
50.999908
50.999905
50.999920
50.999947
50.999886
50.999920
50.999920
50.999882
50.999931
50.999958
50.999935
50.999870
50.999958
50.999958
50.999966
50.999989
50.999973
50.999985
50.999950
50.999943
51.000023
50.999992
50.999977
51.000004
51.000031
51.000095
50.999924
50.999912
50.999931
50.999958
50.999958
50.999973
50.999893
50.999901
50.999908
50.999977
50.999935
50.999924
50.999836
50.999905
50.999912
50.999889
50.999935
50.999908
50.999962
50.999981
50.999969
51.000004
50.999954
50.999981
50.999958
50.999958
50.999981
50.999840
50.999916
51.000015
50.999939
50.999943
50.999989
51.000042
50.999992
50.999977
50.999996
51.000015
50.999924
50.999916
50.999950
50.999966
51.000008
50.999989
50.999966
50.999996
51.000004
51.000095
51.000027
50.999973
50.999989
50.999992
50.999973
50.999969
50.999905
50.999958
50.999973
50.999935
50.999950
50.999912
50.999954
50.999916
50.999962
50.999958
51.000008
51.000008
50.999973
50.999939
50.999893
50.999924
50.999939
51.000004
51.000008
50.999985
51.000031
50.999992
50.999958
50.999977
50.999973
50.999996
51.000008
50.999958
51.000011
51.000000
50.999958
50.999954
50.999973
50.999977
50.999992
50.999981
51.000088
50.999947
50.999989
50.999924
50.999950
50.999962
51.000038
51.000004
50.999992
50.999966
50.999969
50.999943
50.999901
50.999939
50.999939
50.999966
50.999943
50.999966
50.999962
50.999969
50.999996
50.999973
50.999943
50.999973
51.000008
51.000023
51.000027
51.000008
50.999989
51.000031
50.999977
50.999989
50.999977
50.999935
50.999969
50.999962
51.000031
51.000092
51.000164
51.000034
50.999973
50.999962
50.999924
50.999973
51.000008
50.999973
51.000057
51.000019
51.000076
50.999973
50.999992
50.999947
50.999958
50.999969
51.000011
51.000027
51.000027
50.999992
50.999985
51.000027
50.999943
50.999954
51.000031
50.999992
51.000034
51.000027
51.000042
51.000042
51.000027
50.999996
50.999947
51.000004
50.999992
51.000034
51.000042
51.000057
51.000042
51.000053
50.999931
50.999973
50.999916
50.999966
50.999935
51.000019
50.999977
51.000061
50.999996
50.999973
50.999928
50.999928
51.000011
51.000076
51.000050
51.000088
51.000061
51.000076
51.000015
51.000061
51.000107
51.000046
51.000107
50.999969
50.999962
51.000008
51.000008
51.000004
51.000069
51.000084
51.000076
51.000042
51.000019
51.000019
50.999989
50.999973
50.999966
51.000088
51.000072
51.000057
51.000027
51.000008
51.000046
51.000072
50.999989
50.999992
51.000057
51.000046
51.000031
51.000023
50.999981
51.000076
51.000011
51.000053
51.000130
51.000027
51.000050
51.000038
51.000042
50.999992
50.999996
50.999989
50.999977
50.999989
50.999977
50.999962
51.000008
50.999943
50.999992
51.000004
51.000092
51.000107
51.000050
51.000076
51.000046
51.000111
51.000076
51.000038
51.000046
51.000050
51.000019
51.000046
51.000019
51.000080
51.000095
51.000076
51.000053
51.000084
51.000076
51.000038
51.000103
51.000111
51.000088
51.000103
51.000027
50.999981
50.999985
50.999985
50.999977
51.000057
51.000027
51.000114
51.000027
51.000076
51.000034
51.000034
51.000095
51.000057
51.000046
51.000031
51.000000
51.000034
51.000050
51.000122
51.000099
51.000080
51.000095
51.000114
51.000076
51.000042
51.000031
51.000034
51.000061
51.000107
51.000061
51.000057
51.000092
51.000118
51.000008
51.000061
51.000050
51.000027
51.000095
51.000065
51.000095
51.000061
51.000134
51.000076
51.000088
51.000141
51.000061
51.000160
51.000130
51.000107
51.000126
51.000107
51.000057
51.000065
51.000019
51.000027
51.000050
51.000111
51.000168
51.000137
51.000080
51.000092
51.000111
51.000080
51.000042
51.000072
51.000050
51.000057
51.000038
51.000057
51.000145
51.000126
51.000076
51.000095
51.000072
50.999962
51.000008
51.000065
51.000027
51.000027
51.000092
51.000114
51.000076
51.000042
51.000153
51.000160
51.000114
51.000149
51.000122
51.000164
51.000122
51.000141
51.000107
51.000122
51.000134
51.000145
51.000103
51.000084
51.000103
51.000084
51.000111
51.000107
51.000130
51.000202
51.000206
51.000175
51.000099
51.000126
51.000168
51.000053
51.000053
51.000072
51.000107
51.000084
51.000130
51.000111
51.000122
51.000130
51.000130
51.000134
51.000118
51.000065
51.000038
51.000092
51.000103
51.000107
51.000111
51.000111
51.000164
51.000175
51.000164
51.000217
51.000244
51.000229
51.000198
51.000164
51.000149
51.000130
51.000172
51.000149
51.000134
51.000080
51.000069
51.000095
51.000111
51.000145
51.000111
51.000145
51.000130
51.000141
51.000187
51.000172
51.000217
51.000187
51.000191
51.000195
51.000217
51.000153
51.000080
51.000084
51.000095
51.000141
51.000156
51.000149
51.000122
51.000111
51.000134
51.000118
51.000111
51.000164
51.000252
51.000202
51.000168
51.000225
51.000195
51.000130
51.000118
51.000160
51.000156
51.000233
51.000191
51.000172
51.000187
51.000198
51.000202
51.000191
51.000187
51.000195
51.000164
51.000156
51.000141
51.000130
51.000225
51.000130
51.000095
51.000092
51.000134
51.000084
51.000145
51.000160
51.000183
51.000175
51.000187
51.000221
51.000252
51.000263
51.000210
51.000298
51.000240
51.000217
51.000210
51.000160
51.000160
51.000187
51.000198
51.000206
51.000198
51.000187
51.000149
51.000225
51.000202
51.000198
51.000134
51.000126
51.000141
51.000118
51.000099
51.000141
51.000149
51.000210
51.000172
51.000164
51.000217
51.000183
51.000195
51.000221
51.000160
51.000179
51.000149
51.000195
51.000214
51.000244
51.000229
51.000221
51.000305
51.000275
51.000259
51.000252
51.000240
51.000233
51.000229
51.000195
51.000183
51.000179
51.000156
51.000164
51.000225
51.000217
51.000240
51.000217
51.000160
51.000252
51.000240
51.000233
51.000217
51.000156
51.000141
51.000214
51.000217
51.000183
51.000198
51.000259
51.000240
51.000252
51.000252
51.000259
51.000214
51.000278
51.000221
51.000202
51.000267
51.000320
51.000298
51.000275
51.000294
51.000286
51.000271
51.000275
51.000298
51.000248
51.000206
51.000244
51.000263
51.000183
51.000183
51.000195
51.000240
51.000320
51.000340
51.000252
51.000301
51.000301
51.000313
51.000313
51.000324
51.000267
51.000286
51.000286
51.000290
51.000324
51.000320
51.000313
51.000252
51.000252
51.000298
51.000233
51.000233
51.000240
51.000179
51.000240
51.000317
51.000237
51.000313
51.000286
51.000267
51.000347
51.000301
51.000278
51.000309
51.000362
51.000401
51.000355
51.000374
51.000366
51.000370
51.000431
51.000374
51.000328
51.000355
51.000401
51.000359
51.000336
51.000343
51.000336
51.000359
51.000320
51.000336
51.000324
51.000294
51.000217
51.000198
51.000259
51.000233
51.000252
51.000267
51.000256
51.000309
51.000290
51.000240
51.000259
51.000252
51.000305
51.000332
51.000282
51.000271
51.000355
51.000435
51.000355
51.000275
51.000313
51.000233
51.000252
51.000198
51.000217
51.000301
51.000340
51.000317
51.000301
51.000294
51.000271
51.000355
51.000408
51.000408
51.000381
51.000336
51.000381
51.000381
51.000336
51.000381
51.000340
51.000301
51.000286
51.000305
51.000278
51.000301
51.000298
51.000301
51.000305
51.000328
51.000370
51.000324
51.000336
51.000370
51.000401
51.000389
51.000389
51.000397
51.000351
51.000332
51.000309
51.000381
51.000381
51.000347
51.000362
51.000351
51.000355
51.000351
51.000355
51.000320
51.000332
51.000294
51.000301
51.000370
51.000389
51.000397
51.000408
51.000374
51.000366
51.000389
51.000401
51.000378
51.000389
51.000362
51.000420
51.000488
51.000526
51.000511
51.000443
51.000462
51.000469
51.000458
51.000427
51.000359
51.000393
51.000401
51.000420
51.000427
51.000385
51.000336
51.000286
51.000294
51.000317
51.000305
51.000294
51.000252
51.000256
51.000328
51.000347
51.000317
51.000313
51.000286
51.000362
51.000427
51.000454
51.000549
51.000546
51.000443
51.000351
51.000404
51.000389
51.000427
51.000393
51.000389
51.000355
51.000366
51.000336
51.000332
51.000336
51.000340
51.000359
51.000404
51.000370
51.000443
51.000484
51.000481
51.000458
51.000443
51.000431
51.000416
51.000443
51.000465
51.000412
51.000458
51.000416
51.000469
51.000473
51.000477
51.000450
51.000423
51.000443
51.000439
51.000465
51.000462
51.000454
51.000458
51.000366
51.000393
51.000446
51.000465
51.000450
51.000439
51.000458
51.000477
51.000477
51.000496
51.000511
51.000488
51.000504
51.000515
51.000431
51.000446
51.000458
51.000492
51.000511
51.000458
51.000420
51.000443
51.000473
51.000477
51.000477
51.000523
51.000546
51.000549
51.000549
51.000542
51.000546
51.000542
51.000465
51.000511
51.000504
51.000496
51.000484
51.000477
51.000484
51.000473
51.000496
51.000519
51.000477
51.000454
51.000393
51.000454
51.000443
51.000492
51.000458
51.000423
51.000469
51.000473
51.000458
51.000484
51.000462
51.000465
51.000454
51.000427
51.000458
51.000462
51.000431
51.000408
51.000374
51.000412
51.000484
51.000488
51.000446
51.000462
51.000458
51.000469
51.000450
51.000484
51.000481
51.000500
51.000458
51.000511
51.000515
51.000523
51.000511
51.000549
51.000507
51.000507
51.000549
51.000568
51.000511
51.000500
51.000427
51.000427
51.000546
51.000526
51.000565
51.000565
51.000580
51.000591
51.000595
51.000530
51.000599
51.000568
51.000591
51.000591
51.000565
51.000561
51.000572
51.000511
51.000473
51.000523
51.000553
51.000553
51.000488
51.000546
51.000511
51.000507
51.000534
51.000595
51.000591
51.000595
51.000591
51.000549
51.000496
51.000557
51.000561
51.000603
51.000648
51.000557
51.000546
51.000534
51.000568
51.000603
51.000614
51.000576
51.000553
51.000599
51.000546
51.000549
51.000546
51.000568
51.000614
51.000553
51.000538
51.000519
51.000519
51.000561
51.000542
51.000546
51.000546
51.000523
51.000523
51.000557
51.000568
51.000561
51.000553
51.000526
51.000553
51.000557
51.000507
51.000534
51.000481
51.000496
51.000469
51.000496
51.000511
51.000500
51.000530
51.000534
51.000572
51.000626
51.000584
51.000557
51.000607
51.000645
51.000610
51.000622
51.000629
51.000557
51.000637
51.000626
51.000618
51.000614
51.000633
51.000614
51.000557
51.000546
51.000576
51.000595
51.000587
51.000633
51.000656
51.000591
51.000546
51.000538
51.000580
51.000637
51.000618
51.000622
51.000664
51.000698
51.000629
51.000587
51.000584
51.000580
51.000626
51.000629
51.000645
51.000645
51.000645
51.000652
51.000656
51.000698
51.000702
51.000675
51.000656
51.000622
51.000603
51.000664
51.000698
51.000675
51.000675
51.000660
51.000648
51.000687
51.000793
51.000744
51.000751
51.000748
51.000729
51.000683
51.000660
51.000698
51.000645
51.000679
51.000683
51.000690
51.000637
51.000626
51.000633
51.000652
51.000607
51.000607
51.000656
51.000645
51.000664
51.000652
51.000599
51.000587
51.000599
51.000656
51.000656
51.000648
51.000645
51.000656
51.000599
51.000614
51.000610
51.000660
51.000748
51.000725
51.000713
51.000710
51.000713
51.000717
51.000717
51.000694
51.000717
51.000755
51.000782
51.000797
51.000786
51.000736
51.000721
51.000771
51.000771
51.000782
51.000816
51.000774
51.000751
51.000717
51.000751
51.000740
51.000751
51.000771
51.000744
51.000732
51.000751
51.000763
51.000721
51.000736
51.000710
51.000687
51.000755
51.000755
51.000721
51.000736
51.000710
51.000687
51.000687
51.000690
51.000729
51.000759
51.000786
51.000771
51.000771
51.000786
51.000748
51.000751
51.000767
51.000774
51.000740
51.000763
51.000717
51.000679
51.000736
51.000793
51.000797
51.000828
51.000843
51.000816
51.000793
51.000732
51.000702
51.000664
51.000652
51.000702
51.000786
51.000778
51.000774
51.000786
51.000702
51.000698
51.000740
51.000717
51.000744
51.000809
51.000797
51.000805
51.000771
51.000771
51.000816
51.000851
51.000832
51.000813
51.000832
51.000832
51.000820
51.000809
51.000839
51.000870
51.000832
51.000839
51.000793
51.000732
51.000729
51.000732
51.000736
51.000748
51.000751
51.000748
51.000771
51.000809
51.000813
51.000839
51.000786
51.000767
51.000755
51.000698
51.000729
51.000744
51.000755
51.000820
51.000801
51.000828
51.000820
51.000816
51.000774
51.000820
51.000805
51.000813
51.000797
51.000793
51.000805
51.000832
51.000847
51.000797
51.000805
51.000813
51.000809
51.000805
51.000820
51.000820
51.000851
51.000847
51.000847
51.000874
51.000854
51.000843
51.000889
51.000885
51.000874
51.000824
51.000809
51.000809
51.000851
51.000858
51.000896
51.000854
51.000896
51.000893
51.000874
51.000881
51.000923
51.000896
51.000900
51.000839
51.000851
51.000854
51.000877
51.000938
51.000866
51.000828
51.000854
51.000782
51.000820
51.000813
51.000778
51.000813
51.000820
51.000778
51.000839
51.000858
51.000881
51.000904
51.000881
51.000874
51.000851
51.000874
51.000889
51.000862
51.000889
51.000938
51.000916
51.000942
51.000919
51.000889
51.000935
51.000896
51.000900
51.000881
51.000965
51.000927
51.000877
51.000870
51.000900
51.000881
51.000854
51.000912
51.000900
51.000961
51.000923
51.000973
51.000950
51.000919
51.000904
51.000973
51.001022
51.000969
51.000992
51.000969
51.000942
51.001007
51.000999
51.000984
51.000957
51.001003
51.000965
51.000954
51.000980
51.000965
51.000980
51.001007
51.001011
51.000992
51.000996
51.001038
51.001045
51.001057
51.001053
51.001106
51.001110
51.001011
51.001057
51.000984
51.001003
51.001003
51.001007
51.001030
51.001011
51.000996
51.000999
51.001022
51.000996
51.001007
51.000969
51.000923
51.000885
51.000900
51.000912
51.000957
51.000961
51.001003
51.001022
51.000999
51.001022
51.001045
51.001026
51.001011
51.001030
51.000977
51.000988
51.001011
51.001045
51.001034
51.001060
51.001049
51.001118
51.001072
51.001133
51.001091
51.001064
51.001114
51.001091
51.001080
51.001038
51.001011
51.001091
51.001087
51.001114
51.001114
51.001118
51.001068
51.001011
51.001087
51.001083
51.001080
51.001110
51.001114
51.001114
51.001106
51.001099
51.001102
51.001122
51.001160
51.001125
51.001163
51.001118
51.001106
51.001129
51.001114
51.001083
51.001110
51.001122
51.001072
51.001102
51.001099
51.001064
51.001125
51.001160
51.001175
51.001183
51.001228
51.001232
51.001240
51.001221
51.001179
51.001202
51.001198
51.001213
51.001274
51.001236
51.001240
51.001225
51.001217
51.001221
51.001217
51.001179
51.001209
51.001263
51.001244
51.001244
51.001244
51.001198
51.001183
51.001167
51.001183
51.001171
51.001137
51.001106
51.001118
51.001114
51.001118
51.001114
51.001110
51.001148
51.001179
51.001202
51.001175
51.001167
51.001144
51.001186
51.001198
51.001190
51.001167
51.001190
51.001183
51.001194
51.001198
51.001240
51.001247
51.001293
51.001297
51.001308
51.001286
51.001236
51.001251
51.001236
51.001255
51.001244
51.001209
51.001244
51.001278
51.001255
51.001282
51.001255
51.001278
51.001312
51.001320
51.001324
51.001339
51.001358
51.001358
51.001381
51.001373
51.001396
51.001350
51.001400
51.001404
51.001373
51.001339
51.001366
51.001369
51.001331
51.001339
51.001366
51.001339
51.001331
51.001328
51.001339
51.001312
51.001305
51.001366
51.001362
51.001354
51.001324
51.001366
51.001373
51.001343
51.001331
51.001305
51.001339
51.001358
51.001339
51.001335
51.001389
51.001381
51.001392
51.001381
51.001354
51.001343
51.001350
51.001320
51.001339
51.001312
51.001297
51.001339
51.001362
51.001408
51.001411
51.001377
51.001358
51.001389
51.001369
51.001369
51.001404
51.001423
51.001461
51.001503
51.001503
51.001461
51.001457
51.001442
51.001465
51.001427
51.001377
51.001392
51.001358
51.001392
51.001358
51.001369
51.001392
51.001404
51.001369
51.001358
51.001347
51.001343
51.001339
51.001373
51.001389
51.001427
51.001461
51.001472
51.001499
51.001434
51.001411
51.001461
51.001427
51.001438
51.001450
51.001480
51.001461
51.001480
51.001427
51.001442
51.001415
51.001419
51.001450
51.001419
51.001411
51.001415
51.001434
51.001419
51.001423
51.001400
51.001400
51.001396
51.001427
51.001427
51.001415
51.001408
51.001442
51.001469
51.001461
51.001427
51.001476
51.001476
51.001450
51.001427
51.001411
51.001392
51.001411
51.001461
51.001518
51.001553
51.001476
51.001434
51.001472
51.001461
51.001427
51.001442
51.001461
51.001457
51.001461
51.001492
51.001499
51.001511
51.001514
51.001518
51.001476
51.001526
51.001503
51.001514
51.001549
51.001537
51.001488
51.001534
51.001530
51.001553
51.001499
51.001511
51.001511
51.001514
51.001583
51.001553
51.001549
51.001530
51.001503
51.001514
51.001530
51.001549
51.001549
51.001564
51.001526
51.001514
51.001495
51.001492
51.001507
51.001495
51.001446
51.001457
51.001480
51.001480
51.001492
51.001499
51.001564
51.001583
51.001537
51.001549
51.001572
51.001598
51.001625
51.001583
51.001602
51.001598
51.001579
51.001579
51.001564
51.001564
51.001606
51.001579
51.001595
51.001591
51.001579
51.001587
51.001591
51.001553
51.001572
51.001579
51.001556
51.001583
51.001583
51.001606
51.001583
51.001575
51.001602
51.001572
51.001553
51.001572
51.001564
51.001549
51.001526
51.001526
51.001522
51.001549
51.001534
51.001511
51.001530
51.001549
51.001564
51.001545
51.001522
51.001495
51.001522
51.001503
51.001522
51.001530
51.001511
51.001522
51.001541
51.001553
51.001530
51.001461
51.001461
51.001446
51.001427
51.001469
51.001549
51.001511
51.001499
51.001476
51.001480
51.001530
51.001602
51.001583
51.001575
51.001568
51.001575
51.001572
51.001575
51.001633
51.001652
51.001652
51.001686
51.001701
51.001724
51.001698
51.001686
51.001678
51.001686
51.001713
51.001720
51.001778
51.001774
51.001728
51.001675
51.001720
51.001698
51.001686
51.001671
51.001606
51.001694
51.001694
51.001701
51.001743
51.001736
51.001732
51.001747
51.001804
51.001793
51.001793
51.001778
51.001766
51.001720
51.001713
51.001694
51.001701
51.001740
51.001717
51.001720
51.001701
51.001694
51.001747
51.001743
51.001755
51.001766
51.001759
51.001740
51.001736
51.001743
51.001686
51.001686
51.001694
51.001656
51.001686
51.001701
51.001614
51.001633
51.001625
51.001675
51.001675
51.001648
51.001667
51.001652
51.001625
51.001648
51.001663
51.001667
51.001686
51.001698
51.001713
51.001778
51.001774
51.001762
51.001797
51.001801
51.001759
51.001736
51.001728
51.001690
51.001682
51.001659
51.001663
51.001659
51.001663
51.001690
51.001690
51.001690
51.001694
51.001740
51.001789
51.001759
51.001766
51.001747
51.001736
51.001766
51.001755
51.001747
51.001736
51.001732
51.001694
51.001694
51.001686
51.001698
51.001732
51.001720
51.001743
51.001766
51.001770
51.001736
51.001770
51.001816
51.001797
51.001804
51.001781
51.001778
51.001778
51.001831
51.001835
51.001823
51.001820
51.001842
51.001869
51.001862
51.001884
51.001858
51.001839
51.001842
51.001858
51.001839
51.001842
51.001842
51.001850
51.001888
51.001873
51.001862
51.001858
51.001850
51.001862
51.001869
51.001877
51.001907
51.001858
51.001858
51.001862
51.001858
51.001877
51.001842
51.001862
51.001846
51.001854
51.001900
51.001877
51.001854
51.001888
51.001911
51.001888
51.001869
51.001892
51.001900
51.001869
51.001888
51.001858
51.001869
51.001877
51.001842
51.001884
51.001930
51.001926
51.001888
51.001892
51.001892
51.001873
51.001892
51.001888
51.001892
51.001873
51.001884
51.001869
51.001900
51.001877
51.001877
51.001839
51.001862
51.001862
51.001858
51.001842
51.001881
51.001858
51.001862
51.001896
51.001888
51.001911
51.001919
51.001934
51.001900
51.001942
51.001926
51.001934
51.001965
51.001949
51.001945
51.001945
51.001942
51.001942
51.001942
51.001900
51.001930
51.001934
51.001926
51.001900
51.001923
51.001926
51.001926
51.001938
51.001945
51.002007
51.001961
51.001919
51.001923
51.001892
51.001862
51.001892
51.001926
51.001953
51.001945
51.001980
51.002003
51.001965
51.001961
51.001957
51.001926
51.001961
51.001945
51.001968
51.001957
51.002010
51.002003
51.001999
51.001976
51.001976
51.001949
51.001972
51.001968
51.001938
51.001930
51.001911
51.001892
51.001911
51.001945
51.001995
51.002003
51.002022
51.002037
51.002037
51.002014
51.002014
51.001995
51.001968
51.001980
51.002014
51.001999
51.001995
51.001980
51.001923
51.001942
51.001930
51.001923
51.001957
51.001945
51.001938
51.001911
51.001907
51.001881
51.001873
51.001858
51.001854
51.001858
51.001911
51.001907
51.001945
51.001945
51.001980
51.001987
51.001987
51.002007
51.002018
51.002022
51.002014
51.001999
51.002010
51.002010
51.002007
51.002048
51.002068
51.002037
51.002029
51.002014
51.002014
51.002033
51.002060
51.002022
51.002018
51.001995
51.001953
51.001987
51.001995
51.001976
51.001961
51.001953
51.001953
51.001972
51.002010
51.002003
51.002018
51.002007
51.002014
51.002029
51.002007
51.002064
51.002094
51.002071
51.002110
51.002113
51.002102
51.002110
51.002083
51.002071
51.002048
51.002029
51.002007
51.002048
51.002048
51.002064
51.002083
51.002075
51.002071
51.002033
51.002029
51.002048
51.002037
51.002014
51.002033
51.002048
51.002079
51.002060
51.002037
51.002048
51.002052
51.002037
51.002087
51.002083
51.002048
51.002048
51.002045
51.002048
51.002041
51.002041
51.002060
51.002029
51.002007
51.002014
51.002052
51.002029
51.002068
51.002083
51.002110
51.002098
51.002132
51.002125
51.002129
51.002102
51.002098
51.002083
51.002068
51.002079
51.002106
51.002117
51.002090
51.002094
51.002064
51.002098
51.002129
51.002087
51.002117
51.002113
51.002129
51.002140
51.002110
51.002125
51.002117
51.002121
51.002102
51.002132
51.002090
51.002087
51.002090
51.002121
51.002178
51.002167
51.002155
51.002163
51.002232
51.002205
51.002209
51.002186
51.002205
51.002197
51.002174
51.002193
51.002193
51.002182
51.002163
51.002148
51.002136
51.002151
51.002140
51.002125
51.002110
51.002094
51.002136
51.002159
51.002151
51.002151
51.002163
51.002186
51.002155
51.002171
51.002197
51.002182
51.002193
51.002201
51.002205
51.002205
51.002171
51.002159
51.002197
51.002197
51.002209
51.002220
51.002213
51.002205
51.002235
51.002209
51.002209
51.002262
51.002258
51.002254
51.002254
51.002262
51.002300
51.002285
51.002274
51.002270
51.002289
51.002296
51.002308
51.002327
51.002346
51.002323
51.002316
51.002342
51.002373
51.002346
51.002342
51.002357
51.002377
51.002346
51.002300
51.002247
51.002239
51.002247
51.002251
51.002274
51.002274
51.002270
51.002247
51.002277
51.002266
51.002262
51.002289
51.002296
51.002293
51.002346
51.002357
51.002327
51.002323
51.002274
51.002289
51.002285
51.002312
51.002331
51.002304
51.002293
51.002281
51.002300
51.002266
51.002270
51.002289
51.002304
51.002296
51.002274
51.002277
51.002274
51.002258
51.002251
51.002247
51.002247
51.002224
51.002262
51.002243
51.002247
51.002258
51.002274
51.002251
51.002274
51.002247
51.002270
51.002304
51.002323
51.002327
51.002373
51.002357
51.002384
51.002357
51.002369
51.002357
51.002380
51.002422
51.002411
51.002357
51.002392
51.002426
51.002407
51.002380
51.002377
51.002388
51.002438
51.002419
51.002445
51.002460
51.002483
51.002499
51.002499
51.002480
51.002457
51.002407
51.002422
51.002438
51.002441
51.002449
51.002460
51.002438
51.002445
51.002495
51.002499
51.002495
51.002499
51.002483
51.002480
51.002522
51.002510
51.002510
51.002510
51.002476
51.002457
51.002464
51.002476
51.002460
51.002487
51.002445
51.002415
51.002430
51.002422
51.002422
51.002419
51.002430
51.002415
51.002403
51.002407
51.002403
51.002407
51.002396
51.002373
51.002396
51.002369
51.002411
51.002422
51.002426
51.002445
51.002411
51.002411
51.002399
51.002438
51.002430
51.002419
51.002422
51.002445
51.002415
51.002422
51.002457
51.002480
51.002514
51.002491
51.002464
51.002460
51.002445
51.002411
51.002438
51.002434
51.002453
51.002445
51.002472
51.002506
51.002472
51.002476
51.002445
51.002480
51.002480
51.002483
51.002499
51.002483
51.002514
51.002514
51.002460
51.002445
51.002445
51.002460
51.002460
51.002510
51.002510
51.002491
51.002464
51.002491
51.002491
51.002499
51.002483
51.002476
51.002472
51.002460
51.002449
51.002438
51.002453
51.002499
51.002464
51.002480
51.002491
51.002514
51.002522
51.002518
51.002522
51.002533
51.002533
51.002548
51.002556
51.002583
51.002567
51.002556
51.002541
51.002560
51.002594
51.002602
51.002602
51.002602
51.002563
51.002567
51.002533
51.002529
51.002544
51.002563
51.002571
51.002594
51.002602
51.002621
51.002609
51.002594
51.002621
51.002602
51.002586
51.002567
51.002548
51.002560
51.002617
51.002617
51.002602
51.002617
51.002613
51.002644
51.002647
51.002663
51.002647
51.002670
51.002659
51.002663
51.002628
51.002636
51.002655
51.002663
51.002636
51.002609
51.002602
51.002590
51.002594
51.002594
51.002602
51.002605
51.002605
51.002605
51.002594
51.002586
51.002605
51.002590
51.002636
51.002640
51.002632
51.002640
51.002621
51.002640
51.002640
51.002644
51.002609
51.002602
51.002605
51.002625
51.002609
51.002609
51.002602
51.002602
51.002621
51.002636
51.002666
51.002666
51.002697
51.002670
51.002651
51.002602
51.002583
51.002598
51.002590
51.002613
51.002640
51.002651
51.002651
51.002670
51.002647
51.002655
51.002655
51.002666
51.002628
51.002621
51.002636
51.002670
51.002678
51.002678
51.002697
51.002728
51.002682
51.002689
51.002720
51.002689
51.002689
51.002655
51.002689
51.002678
51.002693
51.002686
51.002705
51.002705
51.002705
51.002720
51.002724
51.002754
51.002720
51.002728
51.002728
51.002750
51.002785
51.002804
51.002823
51.002796
51.002815
51.002819
51.002781
51.002773
51.002766
51.002747
51.002750
51.002750
51.002739
51.002739
51.002724
51.002739
51.002747
51.002754
51.002724
51.002716
51.002701
51.002674
51.002670
51.002689
51.002731
51.002724
51.002739
51.002743
51.002728
51.002743
51.002750
51.002773
51.002762
51.002796
51.002785
51.002773
51.002781
51.002762
51.002769
51.002777
51.002792
51.002769
51.002792
51.002762
51.002773
51.002808
51.002846
51.002869
51.002869
51.002853
51.002831
51.002781
51.002762
51.002762
51.002769
51.002792
51.002819
51.002831
51.002808
51.002846
51.002804
51.002808
51.002831
51.002827
51.002842
51.002838
51.002819
51.002857
51.002861
51.002857
51.002834
51.002880
51.002846
51.002861
51.002895
51.002903
51.002861
51.002853
51.002842
51.002850
51.002861
51.002861
51.002861
51.002850
51.002857
51.002827
51.002800
51.002834
51.002842
51.002834
51.002834
51.002853
51.002827
51.002861
51.002861
51.002872
51.002876
51.002930
51.002926
51.002911
51.002918
51.002937
51.002945
51.002937
51.002918
51.002937
51.002949
51.002964
51.002979
51.002995
51.002975
51.002975
51.002941
51.002949
51.002949
51.002956
51.002922
51.002937
51.002953
51.002930
51.002930
51.002899
51.002918
51.002888
51.002911
51.002937
51.002914
51.002934
51.002937
51.002926
51.002956
51.002937
51.002953
51.002922
51.002949
51.002930
51.002937
51.002960
51.002979
51.002953
51.002953
51.002945
51.002937
51.002956
51.002949
51.002918
51.002918
51.002895
51.002861
51.002895
51.002899
51.002895
51.002930
51.002949
51.002930
51.002960
51.002987
51.002987
51.002979
51.002987
51.002972
51.002983
51.003002
51.003014
51.002987
51.003017
51.003029
51.003025
51.002995
51.002983
51.002964
51.002991
51.003002
51.002995
51.002995
51.003017
51.003063
51.003082
51.003086
51.003063
51.003082
51.003090
51.003052
51.003101
51.003139
51.003136
51.003109
51.003120
51.003113
51.003124
51.003139
51.003105
51.003113
51.003101
51.003101
51.003113
51.003105
51.003120
51.003101
51.003063
51.003059
51.003059
51.003067
51.003067
51.003071
51.003052
51.003056
51.003059
51.003090
51.003082
51.003078
51.003063
51.003094
51.003105
51.003120
51.003120
51.003155
51.003151
51.003170
51.003170
51.003166
51.003155
51.003162
51.003155
51.003124
51.003174
51.003159
51.003159
51.003162
51.003166
51.003159
51.003147
51.003132
51.003136
51.003159
51.003143
51.003162
51.003166
51.003204
51.003189
51.003178
51.003181
51.003170
51.003139
51.003155
51.003128
51.003109
51.003143
51.003136
51.003139
51.003139
51.003174
51.003193
51.003185
51.003155
51.003166
51.003155
51.003155
51.003162
51.003193
51.003197
51.003231
51.003201
51.003208
51.003216
51.003227
51.003254
51.003258
51.003239
51.003265
51.003262
51.003258
51.003242
51.003269
51.003288
51.003277
51.003262
51.003277
51.003277
51.003277
51.003262
51.003288
51.003292
51.003284
51.003269
51.003254
51.003212
51.003201
51.003231
51.003258
51.003242
51.003265
51.003304
51.003307
51.003292
51.003300
51.003277
51.003262
51.003284
51.003292
51.003292
51.003300
51.003292
51.003292
51.003292
51.003284
51.003265
51.003258
51.003258
51.003277
51.003277
51.003315
51.003304
51.003304
51.003311
51.003311
51.003315
51.003265
51.003292
51.003262
51.003284
51.003258
51.003296
51.003269
51.003258
51.003277
51.003281
51.003288
51.003273
51.003284
51.003273
51.003284
51.003277
51.003262
51.003265
51.003300
51.003326
51.003319
51.003319
51.003338
51.003323
51.003365
51.003361
51.003345
51.003353
51.003368
51.003387
51.003368
51.003380
51.003387
51.003361
51.003361
51.003395
51.003384
51.003407
51.003410
51.003395
51.003410
51.003429
51.003429
51.003422
51.003418
51.003433
51.003422
51.003422
51.003441
51.003414
51.003414
51.003422
51.003380
51.003387
51.003380
51.003391
51.003391
51.003361
51.003380
51.003380
51.003395
51.003399
51.003403
51.003368
51.003407
51.003407
51.003414
51.003429
51.003403
51.003387
51.003403
51.003395
51.003380
51.003410
51.003380
51.003410
51.003433
51.003448
51.003433
51.003464
51.003483
51.003471
51.003502
51.003490
51.003487
51.003502
51.003517
51.003536
51.003536
51.003521
51.003529
51.003510
51.003506
51.003498
51.003494
51.003475
51.003448
51.003437
51.003399
51.003407
51.003414
51.003429
51.003429
51.003448
51.003483
51.003483
51.003487
51.003502
51.003490
51.003483
51.003468
51.003494
51.003521
51.003517
51.003525
51.003536
51.003548
51.003574
51.003563
51.003567
51.003571
51.003586
51.003574
51.003593
51.003590
51.003620
51.003586
51.003628
51.003616
51.003639
51.003605
51.003605
51.003597
51.003635
51.003643
51.003654
51.003658
51.003601
51.003586
51.003582
51.003559
51.003559
51.003563
51.003571
51.003548
51.003563
51.003574
51.003582
51.003601
51.003601
51.003571
51.003571
51.003563
51.003548
51.003555
51.003571
51.003597
51.003605
51.003586
51.003597
51.003624
51.003635
51.003616
51.003613
51.003674
51.003674
51.003658
51.003658
51.003647
51.003647
51.003647
51.003647
51.003651
51.003639
51.003639
51.003624
51.003674
51.003677
51.003670
51.003647
51.003651
51.003639
51.003628
51.003639
51.003647
51.003670
51.003643
51.003674
51.003674
51.003689
51.003685
51.003719
51.003696
51.003689
51.003704
51.003696
51.003712
51.003704
51.003693
51.003700
51.003693
51.003689
51.003677
51.003700
51.003693
51.003696
51.003685
51.003689
51.003708
51.003727
51.003723
51.003712
51.003712
51.003704
51.003719
51.003723
51.003693
51.003712
51.003719
51.003708
51.003716
51.003708
51.003708
51.003704
51.003666
51.003674
51.003700
51.003723
51.003716
51.003677
51.003674
51.003674
51.003685
51.003674
51.003693
51.003685
51.003696
51.003685
51.003685
51.003696
51.003712
51.003708
51.003723
51.003731
51.003708
51.003693
51.003689
51.003708
51.003693
51.003689
51.003716
51.003731
51.003723
51.003723
51.003738
51.003769
51.003796
51.003777
51.003738
51.003765
51.003750
51.003754
51.003757
51.003746
51.003708
51.003716
51.003746
51.003777
51.003796
51.003807
51.003796
51.003796
51.003803
51.003845
51.003860
51.003857
51.003880
51.003849
51.003849
51.003853
51.003849
51.003868
51.003830
51.003822
51.003830
51.003849
51.003864
51.003868
51.003876
51.003883
51.003891
51.003857
51.003845
51.003780
51.003765
51.003780
51.003777
51.003780
51.003788
51.003796
51.003845
51.003838
51.003883
51.003910
51.003880
51.003883
51.003902
51.003891
51.003845
51.003853
51.003849
51.003830
51.003880
51.003929
51.003944
51.003975
51.003983
51.003990
51.003948
51.003956
51.003948
51.003983
51.003956
51.003963
51.003983
51.003986
51.004017
51.004017
51.004009
51.004028
51.004002
51.003994
51.003983
51.003967
51.003937
51.003906
51.003937
51.003929
51.003929
51.003956
51.003986
51.003979
51.003971
51.003963
51.003967
51.003960
51.003948
51.003956
51.003941
51.003922
51.003941
51.003914
51.003933
51.003952
51.003948
51.003967
51.003990
51.004009
51.003983
51.003967
51.003979
51.004005
51.004002
51.004013
51.003983
51.003941
51.003960
51.003971
51.003967
51.003983
51.004044
51.004051
51.004047
51.004044
51.004025
51.004025
51.004032
51.004032
51.004055
51.004025
51.004036
51.004036
51.004002
51.003994
51.003998
51.004002
51.003983
51.004013
51.004005
51.004002
51.004009
51.004025
51.004017
51.004017
51.004044
51.004055
51.004051
51.004047
51.004047
51.004055
51.004066
51.004036
51.003994
51.003979
51.003960
51.003956
51.003944
51.003948
51.003967
51.003979
51.003983
51.003990
51.003986
51.004002
51.004009
51.004017
51.004036
51.004070
51.004047
51.004059
51.004082
51.004101
51.004135
51.004128
51.004162
51.004139
51.004139
51.004162
51.004162
51.004158
51.004135
51.004143
51.004147
51.004131
51.004150
51.004128
51.004128
51.004135
51.004089
51.004089
51.004078
51.004089
51.004093
51.004070
51.004089
51.004086
51.004047
51.004063
51.004063
51.004082
51.004078
51.004120
51.004139
51.004162
51.004154
51.004154
51.004147
51.004185
51.004181
51.004192
51.004223
51.004238
51.004215
51.004215
51.004211
51.004227
51.004223
51.004230
51.004227
51.004215
51.004246
51.004219
51.004208
51.004215
51.004192
51.004215
51.004204
51.004189
51.004192
51.004185
51.004204
51.004204
51.004215
51.004223
51.004211
51.004208
51.004230
51.004215
51.004200
51.004192
51.004200
51.004219
51.004173
51.004181
51.004189
51.004192
51.004208
51.004196
51.004208
51.004177
51.004192
51.004192
51.004192
51.004185
51.004173
51.004196
51.004192
51.004208
51.004192
51.004196
51.004204
51.004234
51.004211
51.004200
51.004192
51.004185
51.004238
51.004227
51.004234
51.004246
51.004257
51.004261
51.004261
51.004284
51.004326
51.004314
51.004345
51.004349
51.004314
51.004330
51.004330
51.004318
51.004330
51.004257
51.004257
51.004288
51.004272
51.004250
51.004261
51.004253
51.004261
51.004253
51.004230
51.004230
51.004223
51.004242
51.004253
51.004250
51.004227
51.004246
51.004234
51.004238
51.004261
51.004272
51.004261
51.004257
51.004292
51.004314
51.004303
51.004295
51.004288
51.004295
51.004276
51.004299
51.004311
51.004272
51.004261
51.004276
51.004269
51.004261
51.004295
51.004322
51.004299
51.004330
51.004333
51.004353
51.004356
51.004349
51.004356
51.004353
51.004349
51.004383
51.004379
51.004364
51.004379
51.004387
51.004421
51.004417
51.004433
51.004436
51.004467
51.004482
51.004486
51.004448
51.004433
51.004417
51.004440
51.004459
51.004463
51.004486
51.004490
51.004482
51.004459
51.004436
51.004433
51.004417
51.004440
51.004429
51.004429
51.004440
51.004463
51.004467
51.004467
51.004433
51.004436
51.004463
51.004448
51.004448
51.004463
51.004471
51.004486
51.004501
51.004517
51.004471
51.004478
51.004448
51.004448
51.004448
51.004429
51.004448
51.004417
51.004414
51.004444
51.004444
51.004433
51.004436
51.004467
51.004482
51.004440
51.004429
51.004406
51.004410
51.004417
51.004433
51.004436
51.004482
51.004486
51.004471
51.004486
51.004498
51.004486
51.004494
51.004475
51.004459
51.004467
51.004501
51.004513
51.004520
51.004520
51.004524
51.004513
51.004520
51.004524
51.004513
51.004501
51.004517
51.004513
51.004513
51.004543
51.004559
51.004520
51.004513
51.004532
51.004536
51.004528
51.004505
51.004501
51.004536
51.004536
51.004520
51.004524
51.004513
51.004505
51.004513
51.004490
51.004467
51.004463
51.004471
51.004501
51.004524
51.004536
51.004532
51.004524
51.004528
51.004532
51.004555
51.004581
51.004570
51.004589
51.004581
51.004551
51.004536
51.004551
51.004562
51.004551
51.004520
51.004494
51.004478
51.004467
51.004482
51.004471
51.004467
51.004486
51.004505
51.004486
51.004505
51.004520
51.004532
51.004543
51.004555
51.004589
51.004601
51.004601
51.004574
51.004570
51.004520
51.004524
51.004536
51.004536
51.004536
51.004520
51.004501
51.004532
51.004513
51.004566
51.004559
51.004578
51.004601
51.004608
51.004597
51.004581
51.004593
51.004578
51.004623
51.004608
51.004635
51.004578
51.004539
51.004559
51.004608
51.004612
51.004601
51.004581
51.004570
51.004616
51.004658
51.004696
51.004707
51.004711
51.004688
51.004681
51.004692
51.004684
51.004726
51.004711
51.004738
51.004768
51.004745
51.004711
51.004711
51.004726
51.004726
51.004707
51.004711
51.004726
51.004738
51.004723
51.004726
51.004719
51.004730
51.004707
51.004704
51.004726
51.004707
51.004723
51.004738
51.004757
51.004776
51.004742
51.004738
51.004715
51.004723
51.004688
51.004719
51.004673
51.004677
51.004677
51.004669
51.004677
51.004677
51.004688
51.004700
51.004700
51.004726
51.004719
51.004745
51.004753
51.004761
51.004761
51.004761
51.004726
51.004738
51.004711
51.004719
51.004734
51.004757
51.004765
51.004776
51.004765
51.004761
51.004757
51.004726
51.004745
51.004738
51.004757
51.004753
51.004780
51.004780
51.004776
51.004791
51.004780
51.004780
51.004791
51.004799
51.004841
51.004829
51.004848
51.004818
51.004837
51.004822
51.004826
51.004875
51.004875
51.004883
51.004898
51.004871
51.004856
51.004868
51.004837
51.004829
51.004848
51.004841
51.004864
51.004864
51.004864
51.004845
51.004848
51.004875
51.004864
51.004879
51.004868
51.004875
51.004883
51.004887
51.004894
51.004860
51.004868
51.004848
51.004822
51.004822
51.004837
51.004837
51.004841
51.004848
51.004871
51.004879
51.004860
51.004848
51.004829
51.004848
51.004818
51.004829
51.004856
51.004864
51.004875
51.004890
51.004864
51.004848
51.004829
51.004841
51.004848
51.004852
51.004856
51.004864
51.004879
51.004852
51.004852
51.004841
51.004864
51.004860
51.004883
51.004913
51.004894
51.004925
51.004902
51.004902
51.004902
51.004894
51.004894
51.004894
51.004894
51.004925
51.004932
51.004951
51.004955
51.004986
51.004974
51.004978
51.004982
51.004986
51.004986
51.004974
51.005005
51.005005
51.005020
51.005024
51.004971
51.004986
51.004986
51.004986
51.004974
51.005013
51.005016
51.005047
51.005047
51.005032
51.005039
51.005024
51.005005
51.005009
51.005001
51.004986
51.005016
51.004982
51.005001
51.004997
51.005001
51.004986
51.004974
51.004986
51.004974
51.004986
51.004978
51.004971
51.004955
51.004963
51.004978
51.005005
51.005032
51.005039
51.005062
51.005051
51.004997
51.004993
51.004990
51.005001
51.005005
51.004990
51.004997
51.005001
51.004971
51.004997
51.004971
51.004997
51.004990
51.005001
51.004986
51.004997
51.005005
51.005005
51.004986
51.004986
51.005009
51.005009
51.005020
51.005047
51.005024
51.005013
51.005005
51.005020
51.005013
51.005013
51.004997
51.005016
51.005009
51.005013
51.004993
51.004986
51.004971
51.004955
51.004955
51.004982
51.004963
51.004955
51.004974
51.005005
51.005001
51.005039
51.005009
51.005054
51.005035
51.005009
51.005005
51.005001
51.005005
51.005013
51.005028
51.005035
51.005032
51.005039
51.005070
51.005074
51.005116
51.005116
51.005100
51.005123
51.005142
51.005157
51.005177
51.005142
51.005131
51.005127
51.005096
51.005096
51.005104
51.005123
51.005123
51.005154
51.005184
51.005173
51.005184
51.005184
51.005192
51.005173
51.005177
51.005157
51.005165
51.005157
51.005157
51.005157
51.005142
51.005123
51.005104
51.005100
51.005116
51.005135
51.005119
51.005108
51.005127
51.005104
51.005093
51.005058
51.005074
51.005119
51.005112
51.005089
51.005093
51.005070
51.005081
51.005089
51.005081
51.005077
51.005081
51.005074
51.005066
51.005081
51.005016
51.004986
51.004959
51.004971
51.004986
51.004951
51.004951
51.005005
51.005020
51.005054
51.005058
51.005066
51.005070
51.005058
51.005066
51.005089
51.005093
51.005112
51.005123
51.005157
51.005177
51.005169
51.005169
51.005161
51.005161
51.005184
51.005188
51.005222
51.005184
51.005192
51.005196
51.005192
51.005211
51.005184
51.005196
51.005196
51.005161
51.005173
51.005196
51.005177
51.005203
51.005226
51.005215
51.005238
51.005260
51.005287
51.005268
51.005280
51.005306
51.005306
51.005272
51.005257
51.005245
51.005276
51.005280
51.005287
51.005283
51.005299
51.005299
51.005322
51.005325
51.005341
51.005325
51.005283
51.005295
51.005264
51.005253
51.005253
51.005230
51.005222
51.005238
51.005241
51.005238
51.005257
51.005253
51.005238
51.005245
51.005245
51.005203
51.005230
51.005268
51.005299
51.005268
51.005245
51.005219
51.005230
51.005253
51.005272
51.005280
51.005287
51.005283
51.005287
51.005276
51.005280
51.005295
51.005329
51.005318
51.005299
51.005299
51.005276
51.005268
51.005280
51.005306
51.005310
51.005314
51.005299
51.005325
51.005329
51.005329
51.005322
51.005299
51.005318
51.005333
51.005375
51.005409
51.005383
51.005375
51.005394
51.005398
51.005409
51.005402
51.005398
51.005383
51.005375
51.005383
51.005363
51.005360
51.005363
51.005383
51.005386
51.005379
51.005413
51.005413
51.005421
51.005417
51.005417
51.005447
51.005463
51.005497
51.005466
51.005493
51.005497
51.005539
51.005531
51.005489
51.005482
51.005432
51.005440
51.005455
51.005455
51.005440
51.005440
51.005440
51.005436
51.005455
51.005455
51.005444
51.005459
51.005478
51.005508
51.005512
51.005489
51.005497
51.005497
51.005512
51.005489
51.005497
51.005508
51.005474
51.005482
51.005493
51.005470
51.005463
51.005482
51.005451
51.005436
51.005455
51.005474
51.005474
51.005474
51.005482
51.005501
51.005501
51.005489
51.005512
51.005512
51.005501
51.005493
51.005497
51.005501
51.005497
51.005497
51.005508
51.005508
51.005524
51.005508
51.005508
51.005501
51.005512
51.005505
51.005482
51.005486
51.005501
51.005516
51.005524
51.005505
51.005489
51.005512
51.005512
51.005508
51.005539
51.005539
51.005531
51.005562
51.005623
51.005608
51.005608
51.005604
51.005611
51.005604
51.005592
51.005550
51.005524
51.005520
51.005539
51.005535
51.005527
51.005512
51.005505
51.005478
51.005470
51.005470
51.005470
51.005455
51.005459
51.005455
51.005470
51.005486
51.005524
51.005550
51.005539
51.005539
51.005573
51.005543
51.005547
51.005520
51.005527
51.005558
51.005547
51.005581
51.005589
51.005611
51.005589
51.005573
51.005543
51.005558
51.005566
51.005573
51.005585
51.005569
51.005562
51.005589
51.005611
51.005596
51.005589
51.005573
51.005577
51.005611
51.005600
51.005592
51.005627
51.005634
51.005642
51.005642
51.005650
51.005642
51.005665
51.005661
51.005657
51.005650
51.005630
51.005642
51.005627
51.005615
51.005623
51.005615
51.005630
51.005646
51.005646
51.005646
51.005657
51.005638
51.005646
51.005638
51.005650
51.005646
51.005657
51.005661
51.005642
51.005642
51.005646
51.005642
51.005630
51.005611
51.005596
51.005600
51.005569
51.005573
51.005600
51.005600
51.005611
51.005642
51.005646
51.005619
51.005627
51.005608
51.005642
51.005611
51.005608
51.005608
51.005638
51.005630
51.005608
51.005627
51.005608
51.005627
51.005630
51.005627
51.005642
51.005669
51.005661
51.005680
51.005680
51.005680
51.005646
51.005627
51.005638
51.005619
51.005611
51.005627
51.005623
51.005600
51.005615
51.005615
51.005611
51.005650
51.005634
51.005642
51.005653
51.005661
51.005684
51.005684
51.005699
51.005684
51.005699
51.005695
51.005695
51.005699
51.005718
51.005714
51.005714
51.005741
51.005783
51.005753
51.005772
51.005764
51.005726
51.005730
51.005726
51.005718
51.005707
51.005703
51.005730
51.005722
51.005714
51.005722
51.005722
51.005699
51.005699
51.005711
51.005699
51.005680
51.005699
51.005699
51.005737
51.005749
51.005730
51.005741
51.005730
51.005737
51.005764
51.005768
51.005772
51.005783
51.005775
51.005791
51.005814
51.005814
51.005821
51.005833
51.005817
51.005810
51.005814
51.005856
51.005894
51.005901
51.005886
51.005890
51.005867
51.005871
51.005875
51.005875
51.005875
51.005882
51.005859
51.005856
51.005882
51.005886
51.005894
51.005894
51.005913
51.005920
51.005928
51.005947
51.005943
51.005966
51.005955
51.005932
51.005936
51.005951
51.005939
51.005928
51.005913
51.005920
51.005951
51.005955
51.005943
51.005962
51.005955
51.005962
51.005939
51.005932
51.005928
51.005951
51.005932
51.005939
51.005951
51.005966
51.005928
51.005932
51.005901
51.005920
51.005951
51.005955
51.005939
51.005951
51.005955
51.005959
51.005966
51.005970
51.005974
51.005959
51.005974
51.005989
51.005985
51.005974
51.005970
51.005955
51.005955
51.005978
51.005993
51.005985
51.005978
51.005974
51.005970
51.005951
51.005970
51.005989
51.005970
51.005955
51.005943
51.005959
51.005985
51.005978
51.005981
51.005989
51.005997
51.006001
51.006001
51.005997
51.005966
51.005978
51.005959
51.006004
51.005997
51.005989
51.005974
51.005985
51.005993
51.006008
51.006008
51.006004
51.005962
51.005955
51.005981
51.005989
51.005997
51.006001
51.006004
51.005993
51.006008
51.006020
51.006004
51.006027
51.006027
51.006035
51.006023
51.006031
51.006008
51.005989
51.005989
51.005981
51.005939
51.005970
51.006020
51.006042
51.006050
51.006054
51.006065
51.006073
51.006081
51.006077
51.006077
51.006088
51.006092
51.006077
51.006081
51.006111
51.006092
51.006104
51.006092
51.006092
51.006092
51.006119
51.006142
51.006115
51.006126
51.006100
51.006073
51.006077
51.006039
51.006039
51.006046
51.006042
51.006050
51.006077
51.006092
51.006104
51.006123
51.006126
51.006100
51.006092
51.006077
51.006081
51.006092
51.006096
51.006104
51.006092
51.006115
51.006138
51.006161
51.006180
51.006195
51.006195
51.006218
51.006210
51.006195
51.006195
51.006191
51.006180
51.006184
51.006180
51.006184
51.006191
51.006203
51.006195
51.006195
51.006195
51.006199
51.006229
51.006222
51.006226
51.006245
51.006233
51.006237
51.006241
51.006222
51.006226
51.006218
51.006229
51.006229
51.006214
51.006218
51.006222
51.006237
51.006245
51.006237
51.006229
51.006222
51.006210
51.006195
51.006218
51.006207
51.006199
51.006203
51.006229
51.006229
51.006203
51.006165
51.006184
51.006180
51.006180
51.006218
51.006218
51.006222
51.006226
51.006248
51.006264
51.006256
51.006264
51.006264
51.006290
51.006279
51.006264
51.006268
51.006252
51.006233
51.006275
51.006283
51.006275
51.006279
51.006268
51.006279
51.006302
51.006264
51.006283
51.006275
51.006260
51.006260
51.006233
51.006233
51.006222
51.006218
51.006214
51.006226
51.006222
51.006207
51.006207
51.006199
51.006203
51.006207
51.006195
51.006214
51.006229
51.006248
51.006268
51.006268
51.006264
51.006275
51.006283
51.006271
51.006237
51.006256
51.006279
51.006248
51.006260
51.006294
51.006294
51.006313
51.006283
51.006279
51.006275
51.006283
51.006283
51.006271
51.006283
51.006279
51.006279
51.006290
51.006302
51.006294
51.006306
51.006336
51.006351
51.006340
51.006359
51.006363
51.006344
51.006351
51.006340
51.006351
51.006374
51.006393
51.006393
51.006401
51.006405
51.006405
51.006401
51.006424
51.006413
51.006390
51.006386
51.006405
51.006386
51.006405
51.006428
51.006454
51.006435
51.006428
51.006416
51.006386
51.006401
51.006420
51.006405
51.006390
51.006416
51.006420
51.006439
51.006443
51.006462
51.006481
51.006481
51.006493
51.006496
51.006489
51.006500
51.006493
51.006481
51.006489
51.006474
51.006489
51.006477
51.006481
51.006485
51.006477
51.006504
51.006508
51.006489
51.006474
51.006474
51.006451
51.006477
51.006477
51.006474
51.006474
51.006454
51.006493
51.006489
51.006470
51.006489
51.006477
51.006485
51.006458
51.006439
51.006439
51.006432
51.006447
51.006447
51.006454
51.006512
51.006496
51.006493
51.006508
51.006516
51.006516
51.006523
51.006535
51.006542
51.006561
51.006550
51.006542
51.006546
51.006542
51.006542
51.006561
51.006550
51.006527
51.006500
51.006474
51.006489
51.006512
51.006527
51.006508
51.006504
51.006531
51.006538
51.006519
51.006489
51.006504
51.006485
51.006466
51.006489
51.006466
51.006466
51.006443
51.006477
51.006458
51.006466
51.006481
51.006477
51.006474
51.006470
51.006470
51.006481
51.006496
51.006538
51.006561
51.006554
51.006561
51.006561
51.006596
51.006603
51.006569
51.006569
51.006565
51.006592
51.006554
51.006550
51.006557
51.006569
51.006588
51.006573
51.006588
51.006577
51.006588
51.006611
51.006596
51.006577
51.006584
51.006565
51.006611
51.006638
51.006638
51.006618
51.006611
51.006626
51.006603
51.006592
51.006596
51.006615
51.006603
51.006611
51.006611
51.006618
51.006626
51.006634
51.006634
51.006626
51.006649
51.006660
51.006626
51.006645
51.006622
51.006634
51.006660
51.006680
51.006680
51.006676
51.006657
51.006649
51.006645
51.006657
51.006630
51.006630
51.006607
51.006588
51.006596
51.006588
51.006592
51.006596
51.006592
51.006615
51.006618
51.006622
51.006630
51.006615
51.006630
51.006634
51.006664
51.006645
51.006645
51.006660
51.006664
51.006649
51.006668
51.006695
51.006699
51.006695
51.006699
51.006706
51.006691
51.006695
51.006733
