50.999992
51.000011
51.000004
51.000019
51.000004
50.999992
50.999989
50.999977
50.999966
50.999939
50.999989
50.999950
50.999947
50.999973
51.000008
50.999977
50.999996
50.999943
50.999966
50.999985
50.999973
50.999954
50.999889
51.000038
50.999939
50.999958
50.999981
50.999905
50.999912
50.999939
51.000004
50.999912
50.999950
50.999992
50.999908
50.999977
50.999992
50.999947
50.999950
50.999928
50.999905
51.000004
50.999863
50.999935
50.999966
50.999950
50.999992
50.999931
50.999958
50.999981
51.000000
51.000019
50.999954
50.999928
50.999954
50.999924
50.999889
50.999901
50.999958
50.999989
50.999939
50.999905
50.999973
50.999973
50.999992
50.999985
50.999966
50.999931
50.999962
50.999977
50.999962
50.999969
50.999962
50.999973
50.999969
50.999908
51.000046
50.999962
50.999939
50.999954
50.999847
50.999958
50.999969
50.999950
50.999973
50.999947
50.999947
50.999905
50.999950
50.999973
50.999882
50.999924
50.999977
50.999916
50.999935
50.999977
50.999916
50.999928
50.999912
50.999897
50.999962
50.999924
50.999989
51.000008
50.999989
50.999916
50.999905
50.999916
50.999851
50.999897
50.999886
50.999947
50.999916
50.999893
50.999943
50.999928
50.999901
50.999931
50.999863
51.000023
50.999931
50.999897
50.999969
50.999992
50.999935
50.999889
50.999886
50.999855
50.999905
50.999931
50.999847
50.999924
50.999870
50.999889
50.999916
50.999870
50.999931
50.999962
50.999889
50.999958
50.999901
50.999897
50.999870
50.999958
50.999939
50.999935
50.999905
50.999958
50.999977
50.999969
50.999985
50.999912
51.000008
50.999905
50.999866
50.999912
50.999847
50.999916
50.999897
50.999939
50.999905
50.999939
50.999855
50.999840
50.999912
50.999920
50.999939
50.999969
50.999969
50.999966
50.999931
50.999924
50.999889
50.999931
50.999912
50.999897
50.999939
50.999935
50.999889
50.999882
50.999901
50.999889
50.999950
50.999874
50.999954
50.999878
50.999874
50.999889
50.999882
50.999897
50.999943
50.999882
50.999966
50.999908
50.999920
50.999950
50.999893
50.999931
50.999924
50.999916
50.999905
50.999920
50.999924
50.999878
50.999840
50.999851
50.999870
50.999958
50.999916
50.999908
50.999958
50.999901
50.999958
50.999931
50.999905
50.999958
50.999870
50.999882
50.999870
50.999939
50.999939
50.999905
50.999878
50.999866
50.999947
50.999874
50.999893
50.999916
50.999966
50.999905
50.999874
50.999874
50.999859
50.999878
50.999908
50.999901
50.999840
50.999928
50.999905
50.999844
50.999897
50.999851
50.999870
50.999844
50.999905
50.999886
50.999924
50.999901
50.999882
50.999886
50.999935
50.999878
50.999924
50.999863
50.999889
50.999908
50.999905
50.999866
50.999855
50.999802
50.999935
50.999943
50.999878
50.999882
50.999905
50.999847
50.999851
50.999866
50.999920
50.999947
50.999958
50.999908
50.999935
50.999916
50.999939
50.999878
50.999897
50.999870
50.999866
50.999916
50.999859
50.999863
50.999901
50.999924
50.999920
50.999905
50.999916
50.999954
50.999897
50.999928
50.999928
50.999908
50.999916
50.999905
50.999897
50.999874
50.999855
50.999924
50.999886
50.999912
50.999924
50.999958
50.999905
50.999870
50.999874
50.999889
50.999939
50.999874
50.999886
50.999886
50.999992
50.999836
50.999878
50.999893
50.999908
50.999840
50.999874
50.999889
50.999874
50.999828
50.999893
50.999912
50.999855
50.999889
50.999905
50.999882
50.999840
50.999813
50.999920
50.999905
50.999893
50.999886
50.999908
50.999943
50.999783
50.999870
50.999943
50.999889
50.999893
50.999924
50.999870
50.999889
50.999947
50.999840
50.999798
50.999908
50.999924
50.999928
50.999886
50.999866
50.999825
50.999828
50.999882
50.999836
50.999821
50.999828
50.999859
50.999798
50.999836
50.999825
50.999794
50.999825
50.999847
50.999817
50.999752
50.999836
50.999847
50.999859
50.999870
50.999859
50.999863
50.999836
50.999828
50.999905
50.999870
50.999851
50.999882
50.999916
50.999962
50.999790
50.999790
50.999802
50.999836
50.999836
50.999859
50.999767
50.999767
50.999783
50.999851
50.999794
50.999783
50.999683
50.999744
50.999756
50.999741
50.999771
50.999741
50.999783
50.999809
50.999775
50.999809
50.999775
50.999802
50.999783
50.999775
50.999802
50.999660
50.999737
50.999817
50.999741
50.999725
50.999783
50.999836
50.999771
50.999760
50.999783
50.999802
50.999710
50.999691
50.999714
50.999725
50.999744
50.999737
50.999706
50.999744
50.999741
50.999821
50.999760
50.999702
50.999733
50.999733
50.999722
50.999714
50.999626
50.999672
50.999687
50.999645
50.999657
50.999622
50.999660
50.999630
50.999653
50.999645
50.999680
50.999672
50.999660
50.999611
50.999569
50.999599
50.999569
50.999645
50.999645
50.999630
50.999683
50.999622
50.999596
50.999611
50.999592
50.999611
50.999607
50.999569
50.999626
50.999592
50.999561
50.999542
50.999557
50.999554
50.999557
50.999554
50.999657
50.999508
50.999531
50.999481
50.999504
50.999527
50.999569
50.999535
50.999527
50.999496
50.999496
50.999462
50.999428
50.999428
50.999424
50.999458
50.999405
50.999451
50.999420
50.999428
50.999466
50.999447
50.999401
50.999435
50.999454
50.999466
50.999462
50.999420
50.999405
50.999458
50.999405
50.999397
50.999386
50.999336
50.999352
50.999348
50.999405
50.999454
50.999512
50.999386
50.999329
50.999294
50.999264
50.999279
50.999310
50.999283
50.999344
50.999306
50.999344
50.999241
50.999271
50.999222
50.999229
50.999264
50.999283
50.999283
50.999275
50.999214
50.999210
50.999271
50.999161
50.999168
50.999237
50.999180
50.999195
50.999180
50.999222
50.999214
50.999165
50.999119
50.999058
50.999130
50.999104
50.999161
50.999161
50.999142
50.999115
50.999126
50.999001
50.999065
50.998959
50.999012
50.998989
50.999046
50.999008
50.999092
50.999004
50.998974
50.998936
50.998932
50.998989
50.999054
50.999012
50.999027
50.998970
50.999012
50.998943
50.998966
50.999001
50.998970
50.999004
50.998859
50.998848
50.998886
50.998867
50.998821
50.998898
50.998920
50.998882
50.998837
50.998791
50.998806
50.998787
50.998764
50.998756
50.998848
50.998829
50.998795
50.998764
50.998718
50.998749
50.998760
50.998665
50.998665
50.998707
50.998692
50.998676
50.998661
50.998589
50.998676
50.998596
50.998634
50.998692
50.998585
50.998581
50.998573
50.998577
50.998524
50.998524
50.998505
50.998470
50.998486
50.998482
50.998470
50.998486
50.998390
50.998409
50.998409
50.998501
50.998528
50.998466
50.998459
50.998421
50.998470
50.998405
50.998352
50.998383
50.998367
50.998299
50.998318
50.998272
50.998325
50.998325
50.998295
50.998276
50.998310
50.998253
50.998215
50.998287
50.998280
50.998245
50.998245
50.998158
50.998116
50.998089
50.998089
50.998066
50.998138
50.998081
50.998158
50.998066
50.998100
50.998062
50.998051
50.998074
50.998035
50.997997
50.997990
50.997929
50.997936
50.997952
50.998020
50.997971
50.997959
50.997952
50.997955
50.997925
50.997868
50.997849
50.997814
50.997829
50.997856
50.997780
50.997753
50.997791
50.997826
50.997719
50.997749
50.997730
50.997684
50.997742
50.997692
50.997719
50.997658
50.997673
50.997597
50.997597
50.997658
50.997585
50.997681
50.997643
50.997635
50.997608
50.997581
50.997520
50.997540
50.997482
50.997475
50.997448
50.997471
50.997490
50.997482
50.997417
50.997360
50.997356
50.997341
50.997299
50.997284
50.997269
50.997269
50.997211
50.997261
50.997345
50.997280
50.997208
50.997219
50.997185
50.997055
50.997086
50.997135
50.997082
50.997021
50.997051
50.997070
50.997051
50.997013
50.997093
50.997070
50.997036
50.997066
50.997009
50.997002
50.996964
50.996971
50.996929
50.996914
50.996906
50.996922
50.996830
50.996811
50.996841
50.996777
50.996799
50.996761
50.996777
50.996792
50.996803
50.996758
50.996670
50.996662
50.996674
50.996555
50.996544
50.996571
50.996601
50.996574
50.996628
50.996563
50.996552
50.996544
50.996517
50.996513
50.996479
50.996361
50.996342
50.996368
50.996361
50.996342
50.996319
50.996304
50.996338
50.996326
50.996296
50.996342
50.996311
50.996292
50.996235
50.996212
50.996201
50.996159
50.996201
50.996117
50.996090
50.996033
50.995998
50.996017
50.995983
50.995998
50.995972
50.995983
50.995911
50.995926
50.995949
50.995892
50.995926
50.995869
50.995888
50.995880
50.995895
50.995811
50.995762
50.995724
50.995716
50.995712
50.995705
50.995697
50.995651
50.995617
50.995644
50.995567
50.995533
50.995560
50.995590
50.995529
50.995476
50.995502
50.995480
50.995392
50.995384
50.995354
50.995373
50.995441
50.995373
50.995335
50.995323
50.995304
50.995300
50.995281
50.995251
50.995243
50.995152
50.995132
50.995098
50.995071
50.995132
50.995045
50.994980
50.994949
50.994965
50.994930
50.994957
50.994946
50.994915
50.994904
50.994877
50.994919
50.994877
50.994892
50.994835
50.994911
50.994812
50.994766
50.994720
50.994690
50.994675
50.994667
50.994637
50.994629
50.994625
50.994598
50.994514
50.994526
50.994530
50.994495
50.994396
50.994347
50.994343
50.994305
50.994301
50.994297
50.994282
50.994293
50.994267
50.994217
50.994217
50.994202
50.994183
50.994179
50.994083
50.994068
50.994053
50.994083
50.994080
50.994083
50.994034
50.994030
50.994091
50.994026
50.993992
50.993973
50.993912
50.993862
50.993843
50.993778
50.993763
50.993740
50.993698
50.993668
50.993717
50.993668
50.993668
50.993584
50.993515
50.993580
50.993557
50.993549
50.993492
50.993401
50.993359
50.993389
50.993374
50.993320
50.993320
50.993347
50.993328
50.993286
50.993279
50.993271
50.993187
50.993237
50.993153
50.993114
50.993126
50.993145
50.993118
50.993046
50.993027
50.992985
50.992958
50.992958
50.992928
50.992844
50.992802
50.992836
50.992821
50.992718
50.992706
50.992668
50.992691
50.992783
50.992767
50.992661
50.992702
50.992683
50.992664
50.992630
50.992592
50.992508
50.992535
50.992527
50.992489
50.992439
50.992390
50.992352
50.992264
50.992245
50.992279
50.992195
50.992180
50.992168
50.992077
50.992096
50.992161
50.992077
50.992077
50.992046
50.991989
50.992039
50.992012
50.991951
50.991936
50.991932
50.991962
50.991905
50.991886
50.991901
50.991821
50.991829
50.991741
50.991695
50.991676
50.991661
50.991627
50.991566
50.991566
50.991524
50.991547
50.991455
50.991425
50.991451
50.991360
50.991264
50.991199
50.991230
50.991188
50.991169
50.991127
50.991089
50.991131
50.991081
50.991005
50.991013
50.990974
50.991009
50.990978
50.990925
50.990891
50.990940
50.990982
50.990917
50.990795
50.990795
50.990696
50.990658
50.990562
50.990585
50.990597
50.990604
50.990574
50.990513
50.990459
50.990414
50.990448
50.990494
50.990452
50.990406
50.990349
50.990379
50.990345
50.990261
50.990269
50.990253
50.990215
50.990150
50.990158
50.990108
50.990112
50.990051
50.990051
50.990002
50.989967
50.989944
50.989902
50.989876
50.989891
50.989838
50.989792
50.989792
50.989750
50.989681
50.989639
50.989552
50.989552
50.989494
50.989441
50.989464
50.989449
50.989429
50.989388
50.989357
50.989319
50.989300
50.989231
50.989216
50.989239
50.989246
50.989216
50.989193
50.989140
50.989117
50.989094
50.989063
50.988976
50.988991
50.988949
50.988930
50.988949
50.988941
50.988880
50.988834
50.988827
50.988808
50.988750
50.988697
50.988625
50.988636
50.988586
50.988560
50.988567
50.988499
50.988441
50.988369
50.988342
50.988308
50.988251
50.988205
50.988178
50.988132
50.988152
50.988098
50.988033
50.987995
50.987942
50.987965
50.987953
50.987976
50.987995
50.988003
50.987881
50.987766
50.987823
50.987789
50.987804
50.987717
50.987701
50.987606
50.987614
50.987553
50.987541
50.987507
50.987476
50.987476
50.987476
50.987400
50.987404
50.987415
50.987370
50.987305
50.987297
50.987206
50.987167
50.987141
50.987144
50.987041
50.987038
50.986977
50.986988
50.986919
50.986927
50.986885
50.986866
50.986839
50.986778
50.986786
50.986755
50.986721
50.986683
50.986526
50.986546
50.986580
50.986538
50.986469
50.986477
50.986412
50.986408
50.986382
50.986359
50.986320
50.986271
50.986229
50.986217
50.986115
50.986130
50.986023
50.986073
50.986073
50.986008
50.985939
50.985905
50.985920
50.985909
50.985867
50.985874
50.985847
50.985771
50.985722
50.985710
50.985695
50.985645
50.985561
50.985577
50.985558
50.985504
50.985432
50.985386
50.985371
50.985329
50.985279
50.985264
50.985218
50.985138
50.985088
50.985092
50.985039
50.985039
50.984962
50.984890
50.984901
50.984882
50.984818
50.984837
50.984776
50.984699
50.984680
50.984642
50.984638
50.984573
50.984516
50.984459
50.984390
50.984394
50.984402
50.984379
50.984329
50.984299
50.984253
50.984211
50.984138
50.984142
50.984116
50.984100
50.984020
50.984020
50.984016
50.983955
50.983932
50.983925
50.983894
50.983845
50.983841
50.983799
50.983727
50.983662
50.983570
50.983566
50.983566
50.983555
50.983528
50.983521
50.983456
50.983429
50.983379
50.983330
50.983330
50.983276
50.983265
50.983177
50.983177
50.983093
50.983093
50.983013
50.982967
50.982918
50.982891
50.982883
50.982819
50.982792
50.982769
50.982746
50.982727
50.982670
50.982620
50.982609
50.982552
50.982460
50.982388
50.982395
50.982368
50.982372
50.982376
50.982288
50.982254
50.982201
50.982227
50.982174
50.982170
50.982098
50.982059
50.982033
50.981968
50.981934
50.981853
50.981876
50.981895
50.981773
50.981720
50.981689
50.981586
50.981586
50.981548
50.981533
50.981518
50.981415
50.981377
50.981342
50.981327
50.981239
50.981228
50.981152
50.981140
50.981117
50.981041
50.981030
50.981014
50.980965
50.980911
50.980877
50.980843
50.980816
50.980789
50.980778
50.980762
50.980721
50.980656
50.980618
50.980583
50.980579
50.980507
50.980480
50.980442
50.980358
50.980373
50.980305
50.980270
50.980263
50.980228
50.980202
50.980114
50.980026
50.980000
50.979965
50.979927
50.979954
50.979958
50.979874
50.979778
50.979736
50.979733
50.979717
50.979671
50.979649
50.979660
50.979652
50.979576
50.979473
50.979408
50.979370
50.979366
50.979324
50.979298
50.979290
50.979248
50.979233
50.979172
50.979172
50.979153
50.979080
50.979000
50.978939
50.978874
50.978867
50.978836
50.978767
50.978764
50.978680
50.978645
50.978634
50.978664
50.978577
50.978527
50.978432
50.978401
50.978359
50.978291
50.978287
50.978210
50.978195
50.978176
50.978123
50.978058
50.978027
50.977962
50.977932
50.977833
50.977806
50.977798
50.977737
50.977722
50.977673
50.977612
50.977539
50.977535
50.977547
50.977489
50.977425
50.977394
50.977310
50.977280
50.977295
50.977242
50.977226
50.977234
50.977142
50.977093
50.977055
50.977024
50.977036
50.977005
50.976940
50.976898
50.976894
50.976898
50.976841
50.976791
50.976711
50.976669
50.976635
50.976604
50.976593
50.976540
50.976509
50.976452
50.976418
50.976357
50.976311
50.976276
50.976208
50.976162
50.976109
50.976112
50.976078
50.976025
50.975937
50.975872
50.975826
50.975826
50.975765
50.975689
50.975708
50.975636
50.975613
50.975555
50.975525
50.975464
50.975464
50.975433
50.975410
50.975380
50.975327
50.975277
50.975204
50.975201
50.975124
50.975079
50.975063
50.974995
50.974903
50.974895
50.974899
50.974922
50.974869
50.974834
50.974724
50.974651
50.974560
50.974529
50.974472
50.974358
50.974388
50.974411
50.974300
50.974289
50.974220
50.974117
50.974072
50.974041
50.973999
50.973988
50.973995
50.973949
50.973942
50.973854
50.973808
50.973793
50.973770
50.973721
50.973686
50.973610
50.973564
50.973518
50.973423
50.973404
50.973389
50.973328
50.973297
50.973221
50.973129
50.973076
50.973061
50.972996
50.972977
50.972942
50.972923
50.972889
50.972897
50.972836
50.972839
50.972710
50.972664
50.972618
50.972542
50.972523
50.972534
50.972519
50.972473
50.972370
50.972317
50.972252
50.972195
50.972153
50.972126
50.972095
50.972103
50.972076
50.972038
50.971981
50.971939
50.971920
50.971836
50.971786
50.971710
50.971622
50.971619
50.971626
50.971558
50.971493
50.971462
50.971409
50.971386
50.971336
50.971291
50.971291
50.971279
50.971222
50.971146
50.971073
50.970974
50.970955
50.970917
50.970867
50.970787
50.970753
50.970707
50.970711
50.970661
50.970615
50.970554
50.970520
50.970459
50.970425
50.970402
50.970360
50.970367
50.970295
50.970219
50.970203
50.970135
50.970127
50.970055
50.970039
50.969967
50.969929
50.969833
50.969818
50.969788
50.969769
50.969723
50.969685
50.969639
50.969570
50.969536
50.969509
50.969433
50.969398
50.969379
50.969292
50.969276
50.969219
50.969143
50.969124
50.969086
50.969074
50.969002
50.968975
50.968925
50.968842
50.968800
50.968758
50.968723
50.968693
50.968689
50.968620
50.968597
50.968552
50.968491
50.968430
50.968376
50.968311
50.968277
50.968246
50.968170
50.968155
50.968086
50.967979
50.967964
50.967937
50.967896
50.967838
50.967789
50.967731
50.967678
50.967640
50.967621
50.967602
50.967571
50.967548
50.967522
50.967464
50.967461
50.967411
50.967365
50.967304
50.967258
50.967163
50.967113
50.967030
50.966961
50.966908
50.966892
50.966858
50.966843
50.966717
50.966667
50.966606
50.966568
50.966515
50.966507
50.966442
50.966354
50.966286
50.966236
50.966228
50.966171
50.966145
50.966110
50.966053
50.965977
50.965939
50.965919
50.965866
50.965816
50.965786
50.965714
50.965664
50.965614
50.965614
50.965572
50.965488
50.965473
50.965492
50.965382
50.965401
50.965317
50.965263
50.965256
50.965199
50.965137
50.965069
50.965015
50.964993
50.964912
50.964855
50.964863
50.964840
50.964745
50.964680
50.964680
50.964554
50.964516
50.964500
50.964493
50.964455
50.964386
50.964333
50.964310
50.964245
50.964203
50.964180
50.964119
50.964046
50.963974
50.963905
50.963871
50.963833
50.963814
50.963722
50.963642
50.963596
50.963543
50.963470
50.963444
50.963428
50.963383
50.963402
50.963341
50.963314
50.963295
50.963207
50.963177
50.963169
50.963123
50.963051
50.963009
50.962933
50.962849
50.962788
50.962753
50.962730
50.962696
50.962692
50.962666
50.962612
50.962559
50.962521
50.962433
50.962364
50.962261
50.962223
50.962200
50.962120
50.962105
50.962017
50.961967
50.961952
50.961914
50.961845
50.961758
50.961727
50.961708
50.961689
50.961632
50.961540
50.961521
50.961445
50.961369
50.961342
50.961304
50.961254
50.961201
50.961166
50.961121
50.961029
50.960999
50.960945
50.960896
50.960831
50.960796
50.960739
50.960712
50.960670
50.960587
50.960548
50.960472
50.960411
50.960377
50.960320
50.960278
50.960274
50.960262
50.960236
50.960217
50.960121
50.960144
50.960079
50.960049
50.959949
50.959908
50.959885
50.959824
50.959759
50.959686
50.959618
50.959579
50.959530
50.959496
50.959423
50.959393
50.959293
50.959251
50.959225
50.959183
50.959133
50.959072
50.959015
50.959007
50.958977
50.958912
50.958843
50.958836
50.958790
50.958698
50.958641
50.958588
50.958561
50.958542
50.958504
50.958424
50.958385
50.958336
50.958263
50.958214
50.958145
50.958084
50.958000
50.957973
50.957939
50.957870
50.957836
50.957813
50.957745
50.957733
50.957619
50.957554
50.957462
50.957455
50.957405
50.957359
50.957317
50.957279
50.957218
50.957191
50.957165
50.957127
50.957058
50.956993
50.956951
50.956917
50.956814
50.956806
50.956749
50.956722
50.956627
50.956566
50.956535
50.956470
50.956390
50.956329
50.956291
50.956287
50.956207
50.956181
50.956139
50.956097
50.956089
50.956085
50.955986
50.955879
50.955830
50.955772
50.955708
50.955662
50.955658
50.955589
50.955532
50.955482
50.955402
50.955296
50.955212
50.955208
50.955185
50.955097
50.955093
50.955051
50.955017
50.954929
50.954903
50.954834
50.954762
50.954758
50.954742
50.954697
50.954590
50.954529
50.954449
50.954414
50.954361
50.954300
50.954258
50.954212
50.954220
50.954105
50.954063
50.953999
50.953941
50.953869
50.953857
50.953758
50.953728
50.953678
50.953632
50.953552
50.953537
50.953468
50.953411
50.953358
50.953293
50.953247
50.953186
50.953159
50.953106
50.953094
50.953053
50.953041
50.952950
50.952911
50.952866
50.952808
50.952770
50.952721
50.952698
50.952641
50.952576
50.952530
50.952457
50.952389
50.952381
50.952312
50.952267
50.952209
50.952129
50.952126
50.952068
50.951992
50.951927
50.951889
50.951828
50.951786
50.951721
50.951672
50.951614
50.951569
50.951511
50.951473
50.951412
50.951344
50.951267
50.951221
50.951199
50.951164
50.951073
50.951042
50.950985
50.950943
50.950863
50.950806
50.950794
50.950733
50.950706
50.950615
50.950596
50.950562
50.950508
50.950439
50.950378
50.950386
50.950344
50.950268
50.950253
50.950150
50.950066
50.950043
50.950001
50.949928
50.949890
50.949879
50.949802
50.949741
50.949680
50.949646
50.949574
50.949528
50.949509
50.949406
50.949318
50.949299
50.949245
50.949184
50.949123
50.949062
50.949055
50.949005
50.948914
50.948872
50.948849
50.948788
50.948715
50.948685
50.948658
50.948624
50.948532
50.948517
50.948460
50.948383
50.948349
50.948269
50.948181
50.948120
50.948059
50.948051
50.948002
50.947933
50.947880
50.947826
50.947788
50.947704
50.947662
50.947586
50.947533
50.947475
50.947403
50.947350
50.947342
50.947319
50.947269
50.947197
50.947128
50.947060
50.946999
50.946964
50.946903
50.946831
50.946789
50.946720
50.946671
50.946644
50.946583
50.946529
50.946487
50.946468
50.946438
50.946373
50.946323
50.946289
50.946281
50.946220
50.946152
50.946148
50.946114
50.946049
50.945972
50.945923
50.945854
50.945786
50.945683
50.945629
50.945580
50.945576
50.945503
50.945423
50.945374
50.945335
50.945274
50.945225
50.945210
50.945126
50.945061
50.944965
50.944977
50.944942
50.944885
50.944820
50.944767
50.944691
50.944660
50.944557
50.944469
50.944359
50.944359
50.944317
50.944248
50.944168
50.944134
50.944073
50.944038
50.943970
50.943886
50.943855
50.943829
50.943775
50.943733
50.943695
50.943653
50.943611
50.943542
50.943523
50.943489
50.943405
50.943352
50.943272
50.943195
50.943134
50.943085
50.943027
50.942940
50.942902
50.942833
50.942780
50.942677
50.942646
50.942589
50.942551
50.942501
50.942459
50.942432
50.942364
50.942329
50.942261
50.942265
50.942169
50.942104
50.942055
50.941952
50.941860
50.941807
50.941765
50.941708
50.941666
50.941570
50.941528
50.941498
50.941467
50.941429
50.941334
50.941311
50.941277
50.941277
50.941223
50.941143
50.941097
50.941067
50.941010
50.940929
50.940891
50.940826
50.940769
50.940685
50.940636
50.940578
50.940540
50.940510
50.940498
50.940449
50.940399
50.940338
50.940235
50.940220
50.940117
50.940060
50.939987
50.939899
50.939861
50.939781
50.939751
50.939686
50.939583
50.939552
50.939491
50.939468
50.939426
50.939400
50.939339
50.939236
50.939205
50.939152
50.939117
50.939064
50.938984
50.938927
50.938877
50.938812
50.938766
50.938698
50.938614
50.938587
50.938545
50.938496
50.938446
50.938358
50.938347
50.938309
50.938229
50.938183
50.938133
50.938072
50.937996
50.937943
50.937855
50.937828
50.937809
50.937725
50.937656
50.937603
50.937527
50.937458
50.937389
50.937355
50.937302
50.937267
50.937233
50.937164
50.937077
50.937057
50.937008
50.936974
50.936905
50.936840
50.936768
50.936749
50.936749
50.936672
50.936607
50.936581
50.936543
50.936489
50.936436
50.936367
50.936275
50.936214
50.936146
50.936062
50.936020
50.935966
50.935886
50.935856
50.935745
50.935722
50.935673
50.935608
50.935589
50.935505
50.935436
50.935383
50.935333
50.935291
50.935230
50.935177
50.935104
50.935043
50.935005
50.935001
50.934906
50.934841
50.934742
50.934708
50.934635
50.934597
50.934582
50.934532
50.934460
50.934414
50.934391
50.934345
50.934296
50.934246
50.934124
50.934052
50.934002
50.933937
50.933876
50.933830
50.933758
50.933704
50.933689
50.933636
50.933582
50.933559
50.933517
50.933445
50.933414
50.933380
50.933304
50.933224
50.933170
50.933132
50.933041
50.932957
50.932880
50.932812
50.932755
50.932671
50.932632
50.932587
50.932568
50.932468
50.932419
50.932358
50.932308
50.932243
50.932186
50.932110
50.932091
50.932064
50.932060
50.931969
50.931919
50.931877
50.931808
50.931751
50.931667
50.931622
50.931488
50.931408
50.931362
50.931351
50.931293
50.931213
50.931160
50.931091
50.931023
50.930992
50.930977
50.930897
50.930847
50.930752
50.930717
50.930645
50.930557
50.930565
50.930477
50.930389
50.930313
50.930233
50.930164
50.930122
50.930084
50.930042
50.930035
50.929943
50.929897
50.929852
50.929813
50.929787
50.929703
50.929680
50.929626
50.929565
50.929497
50.929455
50.929379
50.929317
50.929230
50.929222
50.929131
50.929081
50.929058
50.929043
50.928970
50.928913
50.928848
50.928818
50.928780
50.928677
50.928654
50.928596
50.928520
50.928455
50.928391
50.928299
50.928257
50.928188
50.928135
50.928055
50.927998
50.927937
50.927902
50.927860
50.927795
50.927738
50.927681
50.927605
50.927555
50.927502
50.927425
50.927380
50.927319
50.927273
50.927227
50.927235
50.927162
50.927109
50.927086
50.927017
50.926907
50.926849
50.926769
50.926693
50.926655
50.926567
50.926517
50.926472
50.926407
50.926327
50.926277
50.926231
50.926197
50.926167
50.926117
50.926052
50.925999
50.925976
50.925930
50.925858
50.925793
50.925720
50.925655
50.925587
50.925549
50.925491
50.925457
50.925392
50.925327
50.925259
50.925213
50.925144
50.925106
50.925034
50.925007
50.924950
50.924889
50.924805
50.924751
50.924706
50.924667
50.924576
50.924530
50.924438
50.924400
50.924358
50.924294
50.924187
50.924091
50.924061
50.924015
50.923969
50.923882
50.923843
50.923779
50.923729
50.923626
50.923611
50.923584
50.923527
50.923470
50.923424
50.923397
50.923317
50.923237
50.923180
50.923069
50.923008
50.922966
50.922920
50.922852
50.922791
50.922680
50.922657
50.922600
50.922581
50.922523
50.922428
50.922401
50.922344
50.922295
50.922207
50.922195
50.922127
50.922092
50.922016
50.921951
50.921902
50.921841
50.921749
50.921696
50.921631
50.921562
50.921513
50.921436
50.921410
50.921349
50.921307
50.921230
50.921158
50.921139
50.921047
50.921001
50.920944
50.920868
50.920826
50.920742
50.920704
50.920635
50.920559
50.920521
50.920467
50.920429
50.920399
50.920319
50.920265
50.920200
50.920101
50.920029
50.919979
50.919937
50.919865
50.919823
50.919773
50.919701
50.919670
50.919605
50.919537
50.919464
50.919441
50.919365
50.919300
50.919258
50.919155
50.919128
50.919041
50.918972
50.918922
50.918823
50.918770
50.918705
50.918694
50.918598
50.918583
50.918514
50.918480
50.918449
50.918358
50.918301
50.918255
50.918217
50.918167
50.918106
50.918022
50.917976
50.917927
50.917858
50.917774
50.917736
50.917702
50.917637
50.917553
50.917492
50.917435
50.917381
50.917267
50.917267
50.917233
50.917164
50.917141
50.917137
50.917095
50.917034
50.916939
50.916927
50.916836
50.916782
50.916710
50.916660
50.916565
50.916508
50.916458
50.916405
50.916317
50.916271
50.916241
50.916180
50.916088
50.916061
50.916016
50.915981
50.915932
50.915855
50.915802
50.915691
50.915638
50.915592
50.915565
50.915497
50.915440
50.915344
50.915283
50.915203
50.915176
50.915058
50.914967
50.914944
50.914894
50.914871
50.914833
50.914783
50.914715
50.914600
50.914539
50.914539
50.914486
50.914406
50.914364
50.914257
50.914204
50.914146
50.914051
50.914005
50.913967
50.913879
50.913834
50.913799
50.913723
50.913639
50.913570
50.913506
50.913464
50.913414
50.913330
50.913254
50.913223
50.913143
50.913086
50.913029
50.912979
50.912941
50.912868
50.912796
50.912731
50.912643
50.912586
50.912506
50.912449
50.912380
50.912350
50.912258
50.912155
50.912144
50.912106
50.912048
50.911949
50.911907
50.911877
50.911800
50.911755
50.911709
50.911667
50.911564
50.911476
50.911415
50.911366
50.911324
50.911274
50.911186
50.911102
50.911045
50.910980
50.910904
50.910843
50.910805
50.910728
50.910702
50.910614
50.910564
50.910492
50.910412
50.910378
50.910316
50.910278
50.910236
50.910149
50.910076
50.910015
50.909981
50.909927
50.909870
50.909809
50.909733
50.909660
50.909622
50.909554
50.909477
50.909420
50.909389
50.909294
50.909225
50.909176
50.909130
50.909096
50.909012
50.908958
50.908871
50.908798
50.908764
50.908760
50.908691
50.908665
50.908604
50.908539
50.908455
50.908394
50.908321
50.908279
50.908272
50.908199
50.908123
50.908058
50.908020
50.907986
50.907944
50.907875
50.907791
50.907711
50.907639
50.907593
50.907509
50.907425
50.907356
50.907272
50.907249
50.907215
50.907135
50.907093
50.907021
50.906967
50.906898
50.906864
50.906834
50.906765
50.906742
50.906693
50.906628
50.906509
50.906433
50.906368
50.906296
50.906265
50.906208
50.906155
50.906101
50.906044
50.905979
50.905895
50.905834
50.905788
50.905720
50.905666
50.905598
50.905533
50.905464
50.905407
50.905334
50.905258
50.905209
50.905128
50.905079
50.905056
50.904999
50.904938
50.904835
50.904770
50.904716
50.904652
50.904568
50.904510
50.904415
50.904396
50.904354
50.904316
50.904251
50.904213
50.904167
50.904087
50.904030
50.903965
50.903873
50.903770
50.903725
50.903675
50.903580
50.903526
50.903477
50.903431
50.903374
50.903328
50.903290
50.903217
50.903145
50.903111
50.903046
50.902996
50.902950
50.902893
50.902821
50.902748
50.902710
50.902645
50.902588
50.902493
50.902420
50.902378
50.902321
50.902241
50.902180
50.902126
50.902119
50.902077
50.902000
50.901920
50.901859
50.901798
50.901707
50.901623
50.901558
50.901505
50.901436
50.901348
50.901276
50.901260
50.901180
50.901134
50.901096
50.901039
50.901009
50.900951
50.900890
50.900864
50.900799
50.900723
50.900650
50.900570
50.900486
50.900387
50.900364
50.900314
50.900288
50.900227
50.900154
50.900082
50.899998
50.899933
50.899868
50.899834
50.899807
50.899765
50.899719
50.899654
50.899620
50.899525
50.899490
50.899399
50.899349
50.899261
50.899185
50.899155
50.899094
50.899055
50.899006
50.898937
50.898876
50.898781
50.898712
50.898666
50.898613
50.898560
50.898483
50.898415
50.898346
50.898254
50.898182
50.898136
50.898060
50.898006
50.897949
50.897919
50.897842
50.897766
50.897713
50.897652
50.897579
50.897537
50.897476
50.897419
50.897350
50.897324
50.897289
50.897236
50.897152
50.897083
50.896996
50.896919
50.896889
50.896805
50.896759
50.896717
50.896652
50.896603
50.896526
50.896465
50.896408
50.896336
50.896233
50.896172
50.896103
50.896080
50.896011
50.895973
50.895905
50.895859
50.895813
50.895733
50.895645
50.895573
50.895523
50.895439
50.895416
50.895355
50.895267
50.895206
50.895130
50.895058
50.894993
50.894920
50.894875
50.894814
50.894745
50.894688
50.894604
50.894558
50.894516
50.894436
50.894382
50.894302
50.894230
50.894203
50.894115
50.894073
50.893997
50.893898
50.893867
50.893780
50.893726
50.893692
50.893616
50.893589
50.893513
50.893433
50.893417
50.893341
50.893284
50.893234
50.893177
50.893097
50.893066
50.892990
50.892914
50.892826
50.892780
50.892727
50.892662
50.892605
50.892517
50.892448
50.892376
50.892319
50.892281
50.892242
50.892170
50.892101
50.892075
50.892025
50.891956
50.891857
50.891773
50.891727
50.891644
50.891567
50.891537
50.891495
50.891449
50.891346
50.891285
50.891262
50.891216
50.891136
50.891094
50.891026
50.890911
50.890896
50.890858
50.890755
50.890694
50.890629
50.890583
50.890541
50.890453
50.890400
50.890331
50.890270
50.890202
50.890148
50.890099
50.890030
50.889957
50.889919
50.889874
50.889820
50.889767
50.889690
50.889648
50.889580
50.889511
50.889446
50.889378
50.889301
50.889233
50.889183
50.889114
50.889065
50.888988
50.888920
50.888855
50.888790
50.888714
50.888683
50.888626
50.888557
50.888489
50.888397
50.888336
50.888256
50.888195
50.888130
50.888062
50.887993
50.887939
50.887901
50.887852
50.887779
50.887707
50.887650
50.887600
50.887547
50.887470
50.887421
50.887337
50.887272
50.887215
50.887173
50.887104
50.887035
50.887009
50.886944
50.886848
50.886791
50.886734
50.886677
50.886635
50.886570
50.886536
50.886444
50.886406
50.886288
50.886250
50.886173
50.886131
50.886047
50.885983
50.885906
50.885845
50.885796
50.885712
50.885654
50.885593
50.885532
50.885475
50.885418
50.885361
50.885277
50.885216
50.885132
50.885086
50.885010
50.884949
50.884888
50.884830
50.884758
50.884689
50.884621
50.884563
50.884510
50.884460
50.884411
50.884350
50.884228
50.884155
50.884083
50.884026
50.883953
50.883892
50.883862
50.883801
50.883736
50.883701
50.883629
50.883583
50.883503
50.883427
50.883350
50.883255
50.883202
50.883133
50.883087
50.883022
50.882977
50.882912
50.882854
50.882782
50.882698
50.882614
50.882561
50.882507
50.882408
50.882332
50.882301
50.882252
50.882160
50.882107
50.882053
50.881973
50.881947
50.881870
50.881767
50.881702
50.881664
50.881573
50.881485
50.881413
50.881371
50.881332
50.881302
50.881275
50.881207
50.881119
50.881042
50.880947
50.880894
50.880856
50.880764
50.880745
50.880695
50.880627
50.880527
50.880455
50.880383
50.880329
50.880234
50.880180
50.880123
50.880066
50.880005
50.879955
50.879883
50.879860
50.879803
50.879726
50.879669
50.879589
50.879520
50.879498
50.879448
50.879402
50.879368
50.879307
50.879265
50.879227
50.879135
50.879021
50.878967
50.878925
50.878860
50.878803
50.878754
50.878689
50.878620
50.878574
50.878513
50.878418
50.878357
50.878269
50.878189
50.878094
50.878036
50.877956
50.877903
50.877861
50.877827
50.877735
50.877651
50.877613
50.877529
50.877499
50.877396
50.877308
50.877220
50.877140
50.877113
50.877060
50.877010
50.876961
50.876896
50.876820
50.876762
50.876701
50.876640
50.876610
50.876537
50.876442
50.876381
50.876312
50.876251
50.876183
50.876141
50.876076
50.875957
50.875889
50.875866
50.875813
50.875755
50.875694
50.875633
50.875546
50.875496
50.875435
50.875389
50.875328
50.875267
50.875229
50.875168
50.875134
50.875065
50.874989
50.874947
50.874886
50.874809
50.874760
50.874680
50.874607
50.874542
50.874485
50.874409
50.874310
50.874260
50.874180
50.874130
50.874104
50.874004
50.873951
50.873867
50.873806
50.873753
50.873676
50.873642
50.873585
50.873539
50.873482
50.873413
50.873333
50.873272
50.873230
50.873161
50.873096
50.873009
50.872955
50.872898
50.872841
50.872768
50.872711
50.872665
50.872578
50.872532
50.872456
50.872379
50.872360
50.872303
50.872246
50.872162
50.872089
50.872002
50.871944
50.871876
50.871796
50.871723
50.871674
50.871571
50.871513
50.871445
50.871380
50.871319
50.871246
50.871170
50.871120
50.871052
50.870987
50.870941
50.870880
50.870792
50.870739
50.870667
50.870594
50.870541
50.870487
50.870441
50.870384
50.870338
50.870277
50.870220
50.870163
50.870121
50.870098
50.869999
50.869919
50.869835
50.869747
50.869701
50.869640
50.869576
50.869541
50.869492
50.869392
50.869305
50.869213
50.869164
50.869099
50.869022
50.868950
50.868908
50.868828
50.868752
50.868690
50.868595
50.868591
50.868519
50.868465
50.868389
50.868332
50.868271
50.868225
50.868172
50.868065
50.868019
50.867958
50.867905
50.867817
50.867733
50.867668
50.867558
50.867538
50.867489
50.867443
50.867386
50.867317
50.867260
50.867207
50.867146
50.867058
50.866982
50.866913
50.866894
50.866848
50.866783
50.866718
50.866631
50.866585
50.866543
50.866489
50.866398
50.866341
50.866280
50.866222
50.866142
50.866074
50.865974
50.865883
50.865822
50.865799
50.865761
50.865688
50.865612
50.865551
50.865467
50.865391
50.865292
50.865219
50.865166
50.865112
50.865070
50.865009
50.864971
50.864937
50.864857
50.864830
50.864742
50.864674
50.864601
50.864529
50.864487
50.864418
50.864311
50.864281
50.864250
50.864193
50.864120
50.864052
50.863991
50.863907
50.863876
50.863834
50.863777
50.863712
50.863655
50.863571
50.863499
50.863464
50.863400
50.863365
50.863312
50.863255
50.863174
50.863064
50.863029
50.862980
50.862877
50.862801
50.862724
50.862686
50.862617
50.862572
50.862499
50.862423
50.862328
50.862286
50.862202
50.862133
50.862080
50.862030
50.861950
50.861885
50.861839
50.861759
50.861691
50.861629
50.861572
50.861511
50.861439
50.861389
50.861328
50.861263
50.861206
50.861126
50.861034
50.860992
50.860905
50.860836
50.860767
50.860722
50.860634
50.860577
50.860500
50.860439
50.860390
50.860348
50.860260
50.860214
50.860134
50.860046
50.859974
50.859917
50.859848
50.859779
50.859745
50.859680
50.859608
50.859528
50.859482
50.859409
50.859360
50.859272
50.859211
50.859142
50.859074
50.859024
50.858978
50.858902
50.858845
50.858776
50.858719
50.858654
50.858620
50.858570
50.858479
50.858414
50.858360
50.858295
50.858227
50.858147
50.858112
50.858040
50.857967
50.857899
50.857819
50.857754
50.857697
50.857628
50.857594
50.857544
50.857471
50.857407
50.857323
50.857246
50.857155
50.857086
50.856998
50.856964
50.856899
50.856827
50.856758
50.856709
50.856636
50.856567
50.856506
50.856445
50.856392
50.856308
50.856232
50.856182
50.856098
50.856068
50.856018
50.855957
50.855865
50.855816
50.855740
50.855690
50.855598
50.855537
50.855480
50.855404
50.855343
50.855255
50.855202
50.855106
50.855019
50.854958
50.854889
50.854858
50.854801
50.854752
50.854683
50.854610
50.854534
50.854443
50.854382
50.854317
50.854267
50.854221
50.854172
50.854095
50.854034
50.853962
50.853889
50.853828
50.853775
50.853706
50.853630
50.853577
50.853493
50.853413
50.853333
50.853294
50.853233
50.853180
50.853130
50.853069
50.852974
50.852890
50.852829
50.852776
50.852722
50.852650
50.852592
50.852528
50.852463
50.852390
50.852318
50.852257
50.852215
50.852158
50.852100
50.852051
50.851990
50.851929
50.851879
50.851818
50.851765
50.851700
50.851631
50.851551
50.851467
50.851402
50.851318
50.851261
50.851192
50.851139
50.851059
50.850967
50.850895
50.850853
50.850811
50.850758
50.850693
50.850605
50.850529
50.850468
50.850395
50.850327
50.850235
50.850182
50.850132
50.850098
50.850018
50.849964
50.849907
50.849884
50.849792
50.849743
50.849678
50.849636
50.849575
50.849514
50.849430
50.849335
50.849251
50.849167
50.849094
50.849030
50.848961
50.848923
50.848877
50.848843
50.848740
50.848686
50.848602
50.848511
50.848446
50.848373
50.848320
50.848259
50.848217
50.848148
50.848080
50.848045
50.847996
50.847950
50.847874
50.847839
50.847771
50.847717
50.847649
50.847565
50.847504
50.847462
50.847370
50.847286
50.847248
50.847145
50.847076
50.847023
50.846947
50.846889
50.846859
50.846790
50.846745
50.846672
50.846600
50.846523
50.846474
50.846409
50.846310
50.846260
50.846191
50.846119
50.846054
50.845985
50.845936
50.845860
50.845798
50.845715
50.845665
50.845646
50.845623
50.845520
50.845463
50.845390
50.845325
50.845242
50.845177
50.845112
50.845039
50.845001
50.844917
50.844849
50.844803
50.844704
50.844639
50.844563
50.844486
50.844421
50.844364
50.844284
50.844223
50.844158
50.844105
50.844051
50.843983
50.843929
50.843838
50.843796
50.843731
50.843658
50.843590
50.843552
50.843487
50.843456
50.843369
50.843266
50.843208
50.843163
50.843109
50.843033
50.842976
50.842911
50.842861
50.842793
50.842724
50.842636
50.842579
50.842548
50.842480
50.842407
50.842308
50.842236
50.842182
50.842125
50.842045
50.841976
50.841927
50.841850
50.841816
50.841766
50.841690
50.841667
50.841610
50.841522
50.841419
50.841351
50.841270
50.841183
50.841129
50.841080
50.841003
50.840942
50.840866
50.840771
50.840717
50.840637
50.840580
50.840549
50.840485
50.840408
50.840302
50.840229
50.840172
50.840118
50.840042
50.839973
50.839924
50.839848
50.839771
50.839710
50.839649
50.839592
50.839561
50.839489
50.839424
50.839333
50.839230
50.839149
50.839062
50.839005
50.838913
50.838882
50.838825
50.838745
50.838680
50.838600
50.838539
50.838497
50.838436
50.838379
50.838310
50.838230
50.838161
50.838066
50.837982
50.837925
50.837894
50.837822
50.837765
50.837696
50.837639
50.837589
50.837521
50.837448
50.837383
50.837334
50.837276
50.837193
50.837112
50.837040
50.836990
50.836933
50.836842
50.836788
50.836727
50.836655
50.836597
50.836521
50.836468
50.836395
50.836338
50.836269
50.836208
50.836155
50.836086
50.836018
50.835941
50.835896
50.835842
50.835808
50.835747
50.835674
50.835602
50.835533
50.835495
50.835434
50.835377
50.835293
50.835205
50.835129
50.835079
50.835026
50.834949
50.834877
50.834801
50.834763
50.834652
50.834591
50.834545
50.834488
50.834442
50.834412
50.834370
50.834305
50.834263
50.834183
50.834118
50.834080
50.833992
50.833908
50.833874
50.833801
50.833733
50.833649
50.833576
50.833527
50.833469
50.833397
50.833344
50.833256
50.833195
50.833141
50.833076
50.832996
50.832947
50.832886
50.832848
50.832764
50.832695
50.832645
50.832584
50.832497
50.832439
50.832378
50.832344
50.832264
50.832176
50.832077
50.831978
50.831936
50.831867
50.831810
50.831730
50.831661
50.831604
50.831539
50.831470
50.831394
50.831348
50.831276
50.831207
50.831181
50.831139
50.831055
50.830994
50.830910
50.830803
50.830715
50.830650
50.830563
50.830521
50.830467
50.830379
50.830311
50.830254
50.830208
50.830147
50.830078
50.830013
50.829945
50.829861
50.829811
50.829731
50.829674
50.829620
50.829552
50.829514
50.829449
50.829384
50.829319
50.829212
50.829124
50.829105
50.829056
50.828991
50.828934
50.828880
50.828835
50.828777
50.828705
50.828632
50.828548
50.828499
50.828411
50.828377
50.828300
50.828213
50.828159
50.828094
50.828026
50.827957
50.827866
50.827824
50.827759
50.827705
50.827648
50.827602
50.827515
50.827419
50.827351
50.827305
50.827251
50.827198
50.827126
50.827065
50.826977
50.826923
50.826839
50.826786
50.826714
50.826641
50.826584
50.826542
50.826473
50.826405
50.826351
50.826317
50.826244
50.826180
50.826096
50.826000
50.825935
50.825909
50.825848
50.825768
50.825676
50.825626
50.825596
50.825546
50.825493
50.825432
50.825317
50.825249
50.825184
50.825115
50.825024
50.824966
50.824871
50.824810
50.824745
50.824665
50.824604
50.824562
50.824497
50.824436
50.824345
50.824287
50.824242
50.824142
50.824085
50.823975
50.823917
50.823864
50.823795
50.823738
50.823685
50.823627
50.823555
50.823517
50.823425
50.823357
50.823257
50.823185
50.823120
50.823036
50.822990
50.822933
50.822861
50.822811
50.822720
50.822647
50.822571
50.822529
50.822498
50.822395
50.822338
50.822258
50.822178
50.822079
50.822010
50.821922
50.821865
50.821823
50.821781
50.821739
50.821678
50.821621
50.821583
50.821503
50.821430
50.821369
50.821316
50.821259
50.821186
50.821117
50.821068
50.821014
50.820930
50.820866
50.820782
50.820694
50.820660
50.820621
50.820538
50.820454
50.820381
50.820316
50.820248
50.820175
50.820118
50.820019
50.819969
50.819916
50.819878
50.819801
50.819714
50.819668
50.819595
50.819508
50.819405
50.819370
50.819317
50.819252
50.819206
50.819157
50.819092
50.819023
50.818935
50.818867
50.818813
50.818741
50.818695
50.818623
50.818550
50.818493
50.818436
50.818375
50.818317
50.818249
50.818176
50.818127
50.818073
50.818031
50.817936
50.817875
50.817810
50.817726
50.817631
50.817543
50.817486
50.817417
50.817348
50.817299
50.817226
50.817162
50.817078
50.817001
50.816917
50.816845
50.816799
50.816761
50.816696
50.816643
50.816608
50.816540
50.816486
50.816422
50.816349
50.816277
50.816227
50.816174
50.816082
50.816006
50.815964
50.815895
50.815796
50.815750
50.815689
50.815636
50.815567
50.815495
50.815407
50.815342
50.815281
50.815220
50.815140
50.815067
50.814987
50.814922
50.814823
50.814774
50.814678
50.814613
50.814526
50.814445
50.814411
50.814362
50.814308
50.814213
50.814163
50.814087
50.814011
50.813969
50.813927
50.813835
50.813774
50.813732
50.813660
50.813580
50.813496
50.813416
50.813358
50.813282
50.813206
50.813133
50.813103
50.813026
50.812958
50.812874
50.812813
50.812763
50.812717
50.812630
50.812561
50.812481
50.812405
50.812351
50.812298
50.812248
50.812168
50.812122
50.812077
50.811989
50.811932
50.811878
50.811817
50.811729
50.811691
50.811626
50.811554
50.811493
50.811405
50.811352
50.811283
50.811237
50.811192
50.811100
50.811047
50.810986
50.810905
50.810844
50.810799
50.810703
50.810650
50.810604
50.810555
50.810493
50.810440
50.810364
50.810333
50.810284
50.810242
50.810177
50.810104
50.810051
50.809994
50.809940
50.809853
50.809811
50.809746
50.809669
50.809589
50.809513
50.809452
50.809364
50.809292
50.809254
50.809158
50.809082
50.809029
50.808964
50.808895
50.808838
50.808804
50.808743
50.808678
50.808620
50.808556
50.808460
50.808384
50.808327
50.808258
50.808163
50.808094
50.808029
50.807968
50.807892
50.807842
50.807804
50.807720
50.807652
50.807564
50.807514
50.807457
50.807388
50.807350
50.807304
50.807251
50.807171
50.807106
50.807030
50.806976
50.806862
50.806824
50.806759
50.806698
50.806679
50.806606
50.806515
50.806423
50.806381
50.806309
50.806252
50.806217
50.806168
50.806122
50.806053
50.806000
50.805943
50.805824
50.805759
50.805676
50.805611
50.805569
50.805511
50.805462
50.805401
50.805325
50.805252
50.805191
50.805096
50.805031
50.804951
50.804882
50.804836
50.804764
50.804714
50.804642
50.804565
50.804512
50.804455
50.804363
50.804306
50.804230
50.804142
50.804092
50.804043
50.804005
50.803936
50.803879
50.803833
50.803738
50.803661
50.803562
50.803490
50.803436
50.803364
50.803265
50.803200
50.803127
50.803051
50.802975
50.802933
50.802895
50.802864
50.802849
50.802788
50.802677
50.802612
50.802517
50.802429
50.802330
50.802258
50.802189
50.802128
50.802052
50.802002
50.801949
50.801891
50.801815
50.801754
50.801693
50.801620
50.801544
50.801491
50.801426
50.801342
50.801289
50.801186
50.801113
50.801071
50.801033
50.800938
50.800865
50.800793
50.800724
50.800652
50.800587
50.800507
50.800446
50.800365
50.800270
50.800198
50.800117
50.800068
50.799992
50.799942
50.799873
50.799824
50.799740
50.799671
50.799622
50.799530
50.799438
50.799389
50.799339
50.799274
50.799225
50.799175
50.799126
50.799076
50.799023
50.798977
50.798927
50.798855
50.798790
50.798679
50.798603
50.798519
50.798473
50.798405
50.798363
50.798294
50.798218
50.798180
50.798111
50.798050
50.797939
50.797874
50.797821
50.797764
50.797729
50.797661
50.797585
50.797585
50.797535
50.797462
50.797379
50.797302
50.797237
50.797161
50.797089
50.797020
50.796963
50.796909
50.796867
50.796837
50.796799
50.796726
50.796638
50.796558
50.796471
50.796398
50.796341
50.796265
50.796200
50.796108
50.796047
50.795982
50.795952
50.795895
50.795822
50.795761
50.795712
50.795612
50.795551
50.795467
50.795422
50.795311
50.795242
50.795162
50.795105
50.795036
50.794971
50.794868
50.794815
50.794746
50.794689
50.794636
50.794567
50.794487
50.794411
50.794373
50.794327
50.794228
50.794167
50.794132
50.794064
50.794014
50.793926
50.793842
50.793808
50.793728
50.793674
50.793598
50.793522
50.793453
50.793358
50.793289
50.793240
50.793175
50.793114
50.793041
50.792946
50.792896
50.792831
50.792782
50.792740
50.792679
50.792622
50.792561
50.792477
50.792408
50.792358
50.792286
50.792244
50.792160
50.792107
50.792023
50.791962
50.791897
50.791828
50.791759
50.791679
50.791626
50.791573
50.791504
50.791409
50.791344
50.791302
50.791260
50.791199
50.791100
50.791027
50.790970
50.790901
50.790833
50.790775
50.790707
50.790646
50.790611
50.790539
50.790470
50.790394
50.790344
50.790287
50.790230
50.790154
50.790092
50.790024
50.789917
50.789879
50.789764
50.789726
50.789677
50.789597
50.789536
50.789452
50.789398
50.789314
50.789280
50.789207
50.789104
50.789028
50.788963
50.788914
50.788834
50.788773
50.788708
50.788631
50.788551
50.788502
50.788456
50.788399
50.788311
50.788269
50.788185
50.788105
50.788052
50.787987
50.787949
50.787888
50.787800
50.787716
50.787643
50.787586
50.787540
50.787491
50.787407
50.787346
50.787270
50.787205
50.787132
50.787067
50.786999
50.786911
50.786854
50.786766
50.786697
50.786640
50.786575
50.786514
50.786457
50.786396
50.786312
50.786221
50.786152
50.786079
50.786022
50.785927
50.785877
50.785805
50.785717
50.785641
50.785572
50.785526
50.785446
50.785408
50.785355
50.785309
50.785233
50.785145
50.785080
50.785007
50.784954
50.784878
50.784809
50.784744
50.784698
50.784637
50.784603
50.784542
50.784473
50.784405
50.784348
50.784283
50.784218
50.784149
50.784073
50.783993
50.783947
50.783867
50.783794
50.783752
50.783680
50.783615
50.783539
50.783466
50.783401
50.783337
50.783276
50.783211
50.783142
50.783092
50.783051
50.782963
50.782898
50.782825
50.782753
50.782707
50.782650
50.782570
50.782528
50.782463
50.782417
50.782364
50.782307
50.782196
50.782131
50.782070
50.782013
50.781960
50.781902
50.781830
50.781769
50.781708
50.781616
50.781540
50.781506
50.781406
50.781395
50.781345
50.781258
50.781189
50.781120
50.781067
50.780998
50.780949
50.780853
50.780777
50.780716
50.780643
50.780586
50.780491
50.780437
50.780373
50.780293
50.780220
50.780163
50.780098
50.780029
50.779957
50.779877
50.779842
50.779774
50.779678
50.779606
50.779556
50.779522
50.779495
50.779430
50.779358
50.779297
50.779236
50.779163
50.779091
50.779026
50.778984
50.778927
50.778870
50.778820
50.778759
50.778683
50.778591
50.778526
50.778431
50.778362
50.778316
50.778240
50.778172
50.778095
50.778057
50.778000
50.777924
50.777859
50.777786
50.777725
50.777664
50.777557
50.777454
50.777409
50.777355
50.777287
50.777214
50.777126
50.777077
50.777004
50.776932
50.776878
50.776821
50.776772
50.776714
50.776657
50.776596
50.776512
50.776432
50.776367
50.776287
50.776237
50.776180
50.776150
50.776093
50.776009
50.775955
50.775883
50.775806
50.775738
50.775627
50.775547
50.775497
50.775448
50.775417
50.775352
50.775303
50.775223
50.775185
50.775108
50.775036
50.774956
50.774910
50.774841
50.774796
50.774731
50.774654
50.774590
50.774517
50.774433
50.774395
50.774345
50.774281
50.774216
50.774128
50.774075
50.774002
50.773937
50.773888
50.773838
50.773777
50.773754
50.773689
50.773636
50.773556
50.773514
50.773426
50.773327
50.773270
50.773174
50.773132
50.773060
50.772987
50.772945
50.772858
50.772820
50.772758
50.772705
50.772648
50.772583
50.772522
50.772442
50.772366
50.772289
50.772243
50.772190
50.772106
50.772026
50.771980
50.771938
50.771851
50.771782
50.771729
50.771667
50.771595
50.771534
50.771458
50.771404
50.771343
50.771271
50.771210
50.771118
50.771042
50.770985
50.770916
50.770855
50.770752
50.770699
50.770626
50.770576
50.770508
50.770428
50.770370
50.770302
50.770245
50.770191
50.770103
50.770016
50.769966
50.769909
50.769836
50.769772
50.769711
50.769642
50.769585
50.769520
50.769455
50.769390
50.769302
50.769264
50.769215
50.769142
50.769085
50.769020
50.768955
50.768871
50.768837
50.768761
50.768700
50.768635
50.768570
50.768486
50.768402
50.768360
50.768303
50.768230
50.768158
50.768108
50.768055
50.768002
50.767948
50.767895
50.767815
50.767757
50.767693
50.767616
50.767525
50.767448
50.767395
50.767311
50.767242
50.767200
50.767128
50.767063
50.766987
50.766937
50.766911
50.766850
50.766773
50.766708
50.766636
50.766560
50.766499
50.766430
50.766357
50.766289
50.766212
50.766151
50.766083
50.766014
50.765972
50.765903
50.765816
50.765762
50.765694
50.765621
50.765556
50.765480
50.765411
50.765339
50.765301
50.765240
50.765209
50.765148
50.765076
50.765030
50.764965
50.764881
50.764801
50.764717
50.764652
50.764591
50.764545
50.764469
50.764408
50.764336
50.764263
50.764198
50.764130
50.764034
50.763992
50.763905
50.763844
50.763783
50.763725
50.763641
50.763577
50.763519
50.763435
50.763351
50.763294
50.763229
50.763176
50.763111
50.763058
50.763012
50.762939
50.762894
50.762825
50.762764
50.762699
50.762642
50.762566
50.762470
50.762421
50.762367
50.762318
50.762238
50.762177
50.762119
50.762016
50.761948
50.761871
50.761818
50.761757
50.761700
50.761620
50.761532
50.761471
50.761421
50.761356
50.761311
50.761238
50.761166
50.761101
50.761036
50.760952
50.760883
50.760826
50.760796
50.760708
50.760632
50.760586
50.760498
50.760448
50.760399
50.760353
50.760303
50.760246
50.760197
50.760136
50.760044
50.759987
50.759922
50.759842
50.759811
50.759750
50.759701
50.759621
50.759548
50.759506
50.759430
50.759361
50.759308
50.759243
50.759186
50.759117
50.759029
50.758957
50.758892
50.758827
50.758747
50.758705
50.758617
50.758568
50.758507
50.758411
50.758373
50.758320
50.758244
50.758167
50.758080
50.758034
50.757977
50.757919
50.757874
50.757797
50.757732
50.757698
50.757614
50.757545
50.757477
50.757420
50.757347
50.757286
50.757225
50.757141
50.757092
50.757019
50.756958
50.756889
50.756824
50.756763
50.756687
50.756645
50.756573
50.756512
50.756420
50.756374
50.756317
50.756256
50.756214
50.756157
50.756081
50.756020
50.755959
50.755901
50.755825
50.755772
50.755688
50.755627
50.755543
50.755474
50.755405
50.755344
50.755306
50.755222
50.755146
50.755070
50.755020
