51.014675
51.028690
51.042004
51.054729
51.067043
51.078712
51.090088
51.100948
51.111610
51.121830
51.131725
51.141396
51.150784
51.159901
51.168861
51.177666
51.186096
51.194469
51.202667
51.210655
51.218533
51.226208
51.233841
51.241245
51.248577
51.255795
51.262871
51.269775
51.276798
51.283562
51.290230
51.296783
51.303402
51.309803
51.316235
51.322498
51.328671
51.334778
51.340931
51.346931
51.352932
51.358864
51.364552
51.370415
51.376171
51.381866
51.387459
51.393066
51.398479
51.404018
51.409405
51.414810
51.420124
51.425472
51.430752
51.435932
51.441147
51.446266
51.451344
51.456413
51.461502
51.466492
51.471413
51.476398
51.481216
51.486145
51.490883
51.495705
51.500477
51.505310
51.509995
51.514736
51.519390
51.524017
51.528576
51.533199
51.537712
51.542389
51.546780
51.551338
51.555733
51.560150
51.564590
51.568966
51.573349
51.577736
51.581951
51.586418
51.590687
51.594963
51.599129
51.603333
51.607632
51.611725
51.615913
51.620152
51.624264
51.628414
51.632477
51.636642
51.640583
51.644608
51.648663
51.652721
51.656666
51.660667
51.664658
51.668663
51.672497
51.676483
51.680389
51.684269
51.688152
51.692047
51.695862
51.699780
51.703571
51.707359
51.711128
51.714897
51.718674
51.722469
51.726192
51.729908
51.733604
51.737324
51.741116
51.744686
51.748512
51.752148
51.755680
51.759396
51.763035
51.766624
51.770256
51.773880
51.777428
51.780952
51.784473
51.788059
51.791645
51.795174
51.798660
51.802204
51.805664
51.809120
51.812611
51.816120
51.819546
51.822983
51.826447
51.829876
51.833332
51.836697
51.840179
51.843655
51.846951
51.850407
51.853714
51.857121
51.860348
51.863724
51.867039
51.870415
51.873779
51.877029
51.880352
51.883667
51.886913
51.890247
51.893467
51.896709
51.899986
51.903233
51.906487
51.909740
51.912964
51.916153
51.919418
51.922695
51.925850
51.928967
51.932182
51.935299
51.938522
51.941586
51.944847
51.947998
51.951145
51.954342
51.957363
51.960514
51.963562
51.966702
51.969883
51.973007
51.975990
51.979031
51.982170
51.985249
51.988293
51.991364
51.994438
51.997433
52.000450
52.003601
52.006542
52.009640
52.012661
52.015686
52.018715
52.021717
52.024673
52.027630
52.030651
52.033688
52.036549
52.039516
52.042473
52.045395
52.048363
52.051350
52.054234
52.057175
52.060158
52.063076
52.066051
52.068985
52.071823
52.074745
52.077709
52.080647
52.083492
52.086308
52.089169
52.092060
52.094982
52.097805
52.100758
52.103577
52.106358
52.109226
52.112118
52.114948
52.117798
52.120548
52.123402
52.126202
52.129036
52.131809
52.134636
52.137436
52.140282
52.143040
52.145882
52.148643
52.151478
52.154236
52.156963
52.159782
52.162540
52.165249
52.168056
52.170795
52.173542
52.176289
52.178963
52.181686
52.184467
52.187248
52.189926
52.192604
52.195381
52.198051
52.200775
52.203449
52.206230
52.208912
52.211674
52.214321
52.217003
52.219666
52.222336
52.224945
52.227661
52.230305
52.232922
52.235592
52.238235
52.240940
52.243656
52.246315
52.248901
52.251514
52.254192
52.256779
52.259480
52.262043
52.264744
52.267296
52.269901
52.272526
52.275124
52.277664
52.280350
52.282925
52.285526
52.288185
52.290806
52.293316
52.295807
52.298504
52.301136
52.303608
52.306164
52.308739
52.311356
52.313908
52.316483
52.319027
52.321545
52.324123
52.326679
52.329174
52.331711
52.334179
52.336647
52.339329
52.341908
52.344391
52.346859
52.349434
52.351955
52.354488
52.356949
52.359467
52.361923
52.364460
52.366936
52.369427
52.371906
52.374390
52.376858
52.379395
52.381950
52.384392
52.386856
52.389343
52.391777
52.394245
52.396748
52.399208
52.401691
52.404167
52.406605
52.409008
52.411514
52.413963
52.416409
52.418823
52.421227
52.423683
52.426117
52.428520
52.430969
52.433350
52.435814
52.438206
52.440613
52.443100
52.445511
52.447926
52.450375
52.452839
52.455189
52.457577
52.459999
52.462364
52.464756
52.467186
52.469589
52.471931
52.474274
52.476639
52.479042
52.481449
52.483875
52.486198
52.488487
52.490887
52.493301
52.495636
52.498013
52.500401
52.502827
52.505138
52.507458
52.509762
52.512211
52.514526
52.516842
52.519226
52.521519
52.523861
52.526211
52.528458
52.530888
52.533131
52.535511
52.537899
52.540264
52.542576
52.544762
52.547249
52.549530
52.551811
52.554062
52.556389
52.558674
52.561001
52.563251
52.565624
52.567799
52.570217
52.572517
52.574787
52.577049
52.579300
52.581627
52.583843
52.586212
52.588413
52.590767
52.593163
52.595226
52.597683
52.599937
52.602219
52.604412
52.606705
52.608982
52.611176
52.613537
52.615730
52.618000
52.620251
52.622482
52.624687
52.626961
52.629200
52.631439
52.633713
52.635857
52.638199
52.640369
52.642689
52.644814
52.647095
52.649330
52.651619
52.653755
52.656075
52.658276
52.660477
52.662682
52.664883
52.667137
52.669331
52.671524
52.673786
52.675999
52.678211
52.680374
52.682652
52.684738
52.687050
52.689213
52.691345
52.693588
52.695774
52.697918
52.700161
52.702351
52.704556
52.706738
52.708920
52.711121
52.713314
52.715420
52.717613
52.719856
52.721912
52.724144
52.726376
52.728512
52.730614
52.732800
52.734955
52.737148
52.739361
52.741463
52.743599
52.745827
52.748001
52.750111
52.752323
52.754436
52.756596
52.758736
52.760944
52.762962
52.765175
52.767330
52.769348
52.771587
52.773636
52.775776
52.777912
52.780102
52.782188
52.784332
52.786480
52.788513
52.790714
52.792839
52.794987
52.797108
52.799175
52.801311
52.803398
52.805588
52.807671
52.809845
52.811913
52.813988
52.816013
52.818138
52.820339
52.822449
52.824505
52.826530
52.828770
52.830830
52.832962
52.834969
52.837124
52.839188
52.841320
52.843349
52.845474
52.847549
52.849644
52.851761
52.853836
52.855911
52.857983
52.860039
52.862125
52.864220
52.866249
52.868401
52.870464
52.872513
52.874523
52.876644
52.878723
52.880787
52.882862
52.884850
52.886936
52.889027
52.891048
52.893013
52.895092
52.897213
52.899212
52.901257
52.903301
52.905426
52.907486
52.909470
52.911545
52.913517
52.915737
52.917736
52.919743
52.921776
52.923836
52.925938
52.927917
52.929989
52.931957
52.934074
52.936062
52.938126
52.940037
52.942131
52.944138
52.946201
52.948193
52.950150
52.952236
52.954224
52.956295
52.958199
52.960251
52.962261
52.964336
52.966301
52.968361
52.970417
52.972401
52.974342
52.976414
52.978306
52.980450
52.982388
52.984413
52.986294
52.988361
52.990368
52.992401
52.994362
52.996429
52.998402
53.000412
53.002396
53.004326
53.006245
53.008350
53.010288
53.012280
53.014324
53.016338
53.018276
53.020275
53.022263
53.024277
53.026199
53.028088
53.030151
53.032051
53.034126
53.036163
53.038101
53.040051
53.041920
53.043980
53.045918
53.047932
53.049774
53.051731
53.053726
53.055698
53.057842
53.059689
53.061558
53.063576
53.065411
53.067455
53.069489
53.071392
53.073338
53.075283
53.077236
53.079193
53.081161
53.083111
53.084988
53.087082
53.088936
53.091049
53.092812
53.094826
53.096813
53.098595
53.100601
53.102558
53.104439
53.106400
53.108299
53.110264
53.112236
53.114124
53.116024
53.117939
53.119946
53.121758
53.123749
53.125713
53.127644
53.129612
53.131451
53.133430
53.135338
53.137276
53.139175
53.141018
53.142986
53.144962
53.146824
53.148781
53.150661
53.152473
53.154430
53.156387
53.158287
53.160305
53.162205
53.163963
53.165989
53.167942
53.169827
53.171638
53.173576
53.175449
53.177376
53.179276
53.181114
53.183048
53.184952
53.186825
53.188770
53.190689
53.192513
53.194393
53.196312
53.198242
53.200069
53.201988
53.203888
53.205795
53.207581
53.209438
53.211388
53.213287
53.215130
53.217049
53.218918
53.220798
53.222637
53.224537
53.226387
53.228214
53.230167
53.232121
53.233898
53.235718
53.237637
53.239536
53.241364
53.243225
53.245026
53.246925
53.248886
53.250751
53.252617
53.254536
53.256302
53.258202
53.260075
53.261864
53.263832
53.265701
53.267475
53.269356
53.271286
53.273151
53.274994
53.276875
53.278805
53.280643
53.282425
53.284214
53.286030
53.287861
53.289749
53.291718
53.293358
53.295223
53.297218
53.299007
53.300831
53.302662
53.304401
53.306274
53.308327
53.309994
53.311817
53.313618
53.315498
53.317287
53.319130
53.321075
53.322899
53.324745
53.326542
53.328255
53.330143
53.332039
53.333855
53.335724
53.337433
53.339214
53.341114
53.342945
53.344788
53.346657
53.348373
53.350258
53.352081
53.353874
53.355743
53.357464
53.359249
53.361111
53.363098
53.364918
53.366730
53.368538
53.370342
53.372173
53.373951
53.375786
53.377506
53.379364
53.381069
53.382805
53.384693
53.386536
53.388386
53.390163
53.391964
53.393749
53.395630
53.397427
53.399139
53.401039
53.402782
53.404545
53.406349
53.408119
53.409962
53.411774
53.413555
53.415413
53.417233
53.418980
53.420643
53.422512
53.424343
53.426056
53.427895
53.429764
53.431519
53.433220
53.435101
53.436813
53.438549
53.440376
53.442139
53.443924
53.445770
53.447514
53.449337
53.451168
53.452869
53.454582
53.456402
53.458099
53.460007
53.461761
53.463482
53.465263
53.466995
53.468830
53.470539
53.472351
53.474144
53.475933
53.477718
53.479538
53.481194
53.482914
53.484749
53.486637
53.488445
53.490192
53.491894
53.493656
53.495419
53.497238
53.498943
53.500717
53.502449
53.504330
53.505970
53.507751
53.509548
53.511230
53.512970
53.514763
53.516499
53.518257
53.520092
53.521683
53.523411
53.525169
53.527050
53.528801
53.530437
53.532349
53.534126
53.535770
53.537582
53.539280
53.541050
53.542831
53.544518
53.546124
53.547974
53.549713
53.551407
53.553181
53.554886
53.556686
53.558537
53.560257
53.561920
53.563686
53.565395
53.567020
53.568825
53.570580
53.572292
53.574020
53.575775
53.577480
53.579102
53.581001
53.582813
53.584499
53.586143
53.587994
53.589802
53.591431
53.593102
53.594795
53.596512
53.598255
53.599995
53.601749
53.603401
53.605156
53.606945
53.608624
53.610332
53.612068
53.613838
53.615467
53.617195
53.618912
53.620644
53.622417
53.624214
53.625862
53.627586
53.629383
53.631023
53.632645
53.634323
53.636131
53.637798
53.639561
53.641174
53.643036
53.644695
53.646362
53.648018
53.649807
53.651474
53.653126
53.654793
53.656624
53.658333
53.659924
53.661583
53.663399
53.665108
53.666786
53.668518
53.670300
53.671986
53.673607
53.675255
53.677013
53.678738
53.680500
53.682186
53.683838
53.685574
53.687263
53.688950
53.690445
53.692181
53.693939
53.695732
53.697330
53.699100
53.700729
53.702442
53.704102
53.705757
53.707531
53.709202
53.710812
53.712502
53.714306
53.715939
53.717575
53.719311
53.721130
53.722687
53.724289
53.725967
53.727726
53.729424
53.731087
53.732681
53.734364
53.736149
53.737831
53.739517
53.741257
53.742950
53.744637
53.746288
53.747898
53.749481
53.751045
53.752827
53.754543
53.756287
53.757862
53.759567
53.761238
53.762875
53.764549
53.766270
53.767975
53.769638
53.771275
53.772938
53.774639
53.776207
53.777893
53.779633
53.781361
53.782970
53.784508
53.786137
53.787914
53.789612
53.791199
53.792839
53.794643
53.796326
53.797939
53.799568
53.801250
53.802883
53.804504
53.806164
53.807907
53.809525
53.811226
53.812824
53.814529
53.816143
53.817726
53.819424
53.821220
53.822739
53.824318
53.826000
53.827724
53.829357
53.830956
53.832512
53.834183
53.835899
53.837589
53.839138
53.840805
53.842369
53.844025
53.845707
53.847393
53.849152
53.850708
53.852383
53.854080
53.855762
53.857311
53.858925
53.860611
53.862255
53.863861
53.865463
53.867207
53.868870
53.870445
53.871944
53.873631
53.875389
53.877018
53.878632
53.880264
53.881950
53.883556
53.885075
53.886780
53.888386
53.890068
53.891724
53.893318
53.895039
53.896683
53.898289
53.899876
53.901382
53.903038
53.904789
53.906368
53.908020
53.909630
53.911320
53.912964
53.914589
53.916180
53.917793
53.919312
53.921024
53.922611
53.924198
53.925861
53.927387
53.929043
53.930714
53.932407
53.934044
53.935524
53.937096
53.938770
53.940514
53.942101
53.943581
53.945255
53.946842
53.948620
53.950176
53.951763
53.953388
53.954906
53.956524
53.958057
53.959663
53.961338
53.962982
53.964695
53.966217
53.967880
53.969433
53.971062
53.972744
53.974274
53.975906
53.977512
53.979168
53.980724
53.982300
53.983906
53.985695
53.987263
53.988770
53.990368
53.991943
53.993587
53.995213
53.996777
53.998356
54.000027
54.001575
54.003189
54.004902
54.006550
54.008144
54.009712
54.011139
54.012768
54.014408
54.016087
54.017776
54.019249
54.020748
54.022408
54.023983
54.025555
54.027199
54.028633
54.030380
54.032024
54.033581
54.035168
54.036732
54.038319
54.039944
54.041550
54.043137
54.044693
54.046329
54.047951
54.049450
54.051014
54.052563
54.054169
54.055656
54.057232
54.058846
54.060493
54.062176
54.063770
54.065205
54.066807
54.068474
54.070011
54.071602
54.073174
54.074764
54.076393
54.077942
54.079494
54.081001
54.082718
54.084324
54.085793
54.087330
54.089069
54.090538
54.092106
54.093708
54.095375
54.096931
54.098495
54.100067
54.101639
54.103245
54.104794
54.106369
54.107895
54.109474
54.111057
54.112724
54.114380
54.115868
54.117420
54.119030
54.120544
54.122082
54.123661
54.125183
54.126823
54.128380
54.129955
54.131481
54.133011
54.134636
54.136227
54.137726
54.139343
54.140862
54.142494
54.144112
54.145676
54.147182
54.148712
54.150307
54.151867
54.153393
54.154930
54.156502
54.158092
54.159657
54.161167
54.162846
54.164433
54.165993
54.167442
54.168968
54.170544
54.172073
54.173862
54.175224
54.176758
54.178257
54.179871
54.181461
54.183018
54.184639
54.186142
54.187752
54.189342
54.190926
54.192451
54.193901
54.195477
54.196987
54.198517
54.200138
54.201595
54.203220
54.204731
54.206367
54.207817
54.209274
54.210918
54.212437
54.213963
54.215549
54.217064
54.218620
54.220200
54.221775
54.223293
54.224869
54.226418
54.227913
54.229462
54.230938
54.232475
54.234081
54.235649
54.237213
54.238743
54.240345
54.241833
54.243252
54.244804
54.246349
54.247898
54.249432
54.250957
54.252632
54.254238
54.255745
54.257256
54.258701
54.260239
54.261864
54.263508
54.265018
54.266396
54.267937
54.269436
54.271088
54.272564
54.273964
54.275501
54.277126
54.278820
54.280300
54.281654
54.283264
54.284744
54.286320
54.287926
54.289356
54.290920
54.292492
54.294064
54.295517
54.297092
54.298542
54.300026
54.301556
54.303158
54.304729
54.306320
54.307693
54.309189
54.310844
54.312313
54.313782
54.315311
54.316769
54.318336
54.319836
54.321308
54.322712
54.324337
54.325882
54.327618
54.329082
54.330524
54.331936
54.333458
54.335037
54.336613
54.338131
54.339577
54.341095
54.342499
54.344170
54.345669
54.347256
54.348724
54.350105
54.351761
54.353333
54.354832
54.356331
54.357738
54.359211
54.360786
54.362373
54.363918
54.365330
54.366787
54.368286
54.369812
54.371380
54.372856
54.374371
54.375870
54.377369
54.378956
54.380501
54.381844
54.383408
54.384918
54.386425
54.388023
54.389469
54.391064
54.392513
54.394100
54.395569
54.397099
54.398575
54.400089
54.401588
54.403008
54.404507
54.406006
54.407501
54.408955
54.410561
54.412075
54.413582
54.415081
54.416527
54.418007
54.419426
54.421112
54.422558
54.424088
54.425476
54.426975
54.428474
54.430130
54.431538
54.433014
54.434380
54.435768
54.437325
54.438942
54.440376
54.441807
54.443283
54.444851
54.446274
54.447838
54.449295
54.450783
54.452324
54.453850
54.455311
54.456787
54.458233
54.459732
54.461342
54.462864
54.464294
54.465755
54.467323
54.468788
54.470314
54.471825
54.473286
54.474674
54.476189
54.477650
54.479195
54.480682
54.482224
54.483658
54.485100
54.486614
54.488182
54.489723
54.491112
54.492577
54.494045
54.495525
54.496956
54.498524
54.499939
54.501305
54.502876
54.504288
54.505932
54.507442
54.508968
54.510475
54.511974
54.513363
54.514744
54.516342
54.517731
54.519176
54.520588
54.522018
54.523582
54.525162
54.526608
54.527958
54.529480
54.530956
54.532513
54.533924
54.535351
54.536892
54.538456
54.539974
54.541393
54.542839
54.544338
54.545837
54.547287
54.548756
54.550224
54.551624
54.553074
54.554462
54.555958
54.557518
54.558994
54.560452
54.561768
54.563255
54.564831
54.566307
54.567795
54.569283
54.570702
54.572075
54.573650
54.575127
54.576733
54.578163
54.579586
54.581024
54.582512
54.583992
54.585419
54.586876
54.588326
54.589737
54.591225
54.592731
54.594189
54.595638
54.597038
54.598568
54.599968
54.601364
54.602921
54.604343
54.605755
54.607258
54.608826
54.610313
54.611824
54.613213
54.614632
54.615963
54.617561
54.618992
54.620449
54.622002
54.623348
54.624844
54.626312
54.627831
54.629208
54.630657
54.632168
54.633667
54.635056
54.636608
54.638020
54.639492
54.640987
54.642448
54.643894
54.645233
54.646763
54.648239
54.649708
54.651054
54.652473
54.653900
54.655289
54.656780
54.658100
54.659687
54.661076
54.662655
54.663986
54.665520
54.666920
54.668419
54.669807
54.671383
54.672855
54.674198
54.675671
54.677036
54.678501
54.680019
54.681477
54.682968
54.684380
54.685844
54.687199
54.688614
54.690163
54.691650
54.693127
54.694511
54.695938
54.697468
54.698936
54.700405
54.701775
54.703136
54.704575
54.706089
54.707558
54.709061
54.710407
54.711880
54.713318
54.714745
54.716202
54.717525
54.718948
54.720413
54.721851
54.723305
54.724762
54.726227
54.727676
54.729027
54.730518
54.731976
54.733387
54.735012
54.736423
54.737831
54.739223
54.740662
54.742088
54.743477
54.744900
54.746380
54.747864
54.749344
54.750824
54.752171
54.753670
54.755024
54.756523
54.758030
54.759426
54.760654
54.762112
54.763451
54.765011
54.766537
54.768036
54.769592
54.770733
54.772144
54.773525
54.775101
54.776695
54.778080
54.779469
54.780846
54.782257
54.783775
54.785252
54.786667
54.788132
54.789589
54.790939
54.792389
54.793926
54.795364
54.796707
54.798107
54.799431
54.800770
54.802277
54.803780
54.805302
54.806686
54.808075
54.809395
54.810768
54.812317
54.813801
54.815205
54.816700
54.817963
54.819336
54.820763
54.822075
54.823475
54.824951
54.826431
54.827908
54.829395
54.830727
54.832142
54.833542
54.834862
54.836483
54.837887
54.839230
54.840805
54.842243
54.843620
54.845020
54.846474
54.847977
54.849400
54.850800
54.852257
54.853577
54.854870
54.856377
54.857624
54.859081
54.860531
54.861881
54.863186
54.864620
54.866074
54.867481
54.868961
54.870338
54.871788
54.873268
54.874657
54.876080
54.877537
54.878914
54.880375
54.881802
54.883125
54.884613
54.885967
54.887455
54.888786
54.890305
54.891594
54.893055
54.894402
54.895786
54.897263
54.898567
54.899933
54.901489
54.902882
54.904350
54.905674
54.907238
54.908539
54.909969
54.911358
54.912838
54.914093
54.915550
54.916924
54.918388
54.919773
54.921158
54.922638
54.923958
54.925407
54.926792
54.928288
54.929562
54.931026
54.932381
54.933758
54.935200
54.936588
54.938057
54.939438
54.940895
54.942287
54.943581
54.944908
54.946186
54.947674
54.949139
54.950512
54.952007
54.953430
54.954681
54.956142
54.957451
54.958870
54.960182
54.961681
54.963108
54.964382
54.965889
54.967201
54.968712
54.970161
54.971539
54.972912
54.974400
54.975700
54.977070
54.978432
54.979786
54.981182
54.982498
54.983986
54.985325
54.986805
54.988201
54.989662
54.991020
54.992424
54.993687
54.995049
54.996456
54.997795
54.999195
55.000629
55.002136
55.003582
55.004955
55.006420
55.007755
55.009155
55.010387
55.011738
55.013214
55.014599
55.016014
55.017399
55.018757
55.020206
55.021606
55.023045
55.024380
55.025867
55.027119
55.028561
55.029911
55.031300
55.032692
55.034000
55.035450
55.036812
55.038223
55.039555
55.040962
55.042332
55.043743
55.045082
55.046494
55.047836
55.049232
55.050598
55.052025
55.053349
55.054817
55.056187
55.057606
55.058983
55.060425
55.061825
55.063206
55.064507
55.065880
55.067287
55.068676
55.070045
55.071350
55.072758
55.074123
55.075531
55.076958
55.078362
55.079700
55.080963
55.082436
55.083725
55.085087
55.086468
55.087749
55.089043
55.090500
55.091782
55.093204
55.094604
55.096157
55.097580
55.098976
55.100327
55.101707
55.103001
55.104225
55.105625
55.106895
55.108387
55.109768
55.111179
55.112511
55.113895
55.115276
55.116764
55.118038
55.119408
55.120880
55.122208
55.123558
55.124958
55.126255
55.127636
55.129082
55.130363
55.131737
55.133144
55.134594
55.135845
55.137276
55.138599
55.140049
55.141487
55.142864
55.144245
55.145599
55.146927
55.148273
55.149651
55.150974
55.152424
55.153706
55.155056
55.156418
55.157661
55.159077
55.160419
55.161793
55.163212
55.164532
55.165943
55.167412
55.168720
55.170170
55.171494
55.172813
55.174099
55.175343
55.176731
55.178364
55.179611
55.181076
55.182480
55.183800
55.185055
55.186325
55.187675
55.188999
55.190395
55.191689
55.193130
55.194511
55.195927
55.197308
55.198631
55.199955
55.201439
55.202793
55.204105
55.205387
55.206833
55.208027
55.209343
55.210762
55.212189
55.213593
55.214951
55.216244
55.217617
55.218925
55.220325
55.221680
55.223000
55.224293
55.225777
55.227123
55.228470
55.229855
55.231083
55.232582
55.233894
55.235332
55.236717
55.237999
55.239445
55.240711
55.242020
55.243355
55.244686
55.246113
55.247494
55.248775
55.250118
55.251518
55.252831
55.254173
55.255589
55.256893
55.258224
55.259720
55.261082
55.262470
55.263737
55.264999
55.266289
55.267639
55.268974
55.270386
55.271675
55.273064
55.274345
55.275780
55.276993
55.278526
55.279823
55.281292
55.282658
55.284050
55.285351
55.286694
55.287994
55.289398
55.290668
55.292046
55.293457
55.294827
55.296131
55.297539
55.298904
55.300220
55.301476
55.302868
55.304276
55.305580
55.306950
55.308262
55.309532
55.310726
55.312111
55.313362
55.314823
55.316174
55.317451
55.318905
55.320320
55.321529
55.322975
55.324211
55.325512
55.326874
55.328323
55.329674
55.330933
55.332325
55.333698
55.334980
55.336292
55.337650
55.338932
55.340313
55.341648
55.343018
55.344414
55.345711
55.346973
55.348331
55.349594
55.351170
55.352619
55.353893
55.355232
55.356602
55.357937
55.359169
55.360500
55.361732
55.363194
55.364594
55.365883
55.367149
55.368530
55.369736
55.371113
55.372536
55.373795
55.375206
55.376530
55.377842
55.379158
55.380455
55.381813
55.383106
55.384518
55.385876
55.387257
55.388718
55.389961
55.391273
55.392555
55.393818
55.395100
55.396431
55.397774
55.399242
55.400414
55.401688
55.403046
55.404343
55.405586
55.406937
55.408199
55.409611
55.410912
55.412300
55.413601
55.414902
55.416248
55.417599
55.418938
55.420364
55.421612
55.423138
55.424393
55.425770
55.427025
55.428295
55.429630
55.431019
55.432430
55.433750
55.435120
55.436298
55.437744
55.438942
55.440250
55.441467
55.442837
55.444199
55.445614
55.446918
55.448288
55.449619
55.450951
55.452206
55.453514
55.454861
55.456249
55.457611
55.458870
55.460175
55.461514
55.462837
55.464138
55.465481
55.466843
55.468151
55.469536
55.470779
55.472111
55.473351
55.474682
55.476013
55.477188
55.478611
55.479893
55.481243
55.482544
55.483818
55.485126
55.486458
55.487713
55.489052
55.490452
55.491764
55.493187
55.494450
55.495792
55.497139
55.498432
55.499687
55.501057
55.502319
55.503693
55.505074
55.506264
55.507648
55.508930
55.510231
55.511570
55.512875
55.514168
55.515587
55.516968
55.518269
55.519588
55.520657
55.522167
55.523426
55.524620
55.525925
55.527149
55.528599
55.529900
55.531139
55.532486
55.533749
55.535095
55.536438
55.537689
55.539043
55.540352
55.541695
55.543037
55.544289
55.545612
55.546963
55.548306
55.549564
55.550949
55.552231
55.553619
55.554993
55.556320
55.557686
55.558945
55.560143
55.561424
55.562656
55.563862
55.565292
55.566589
55.567955
55.569317
55.570713
55.572018
55.573349
55.574524
55.575993
55.577175
55.578514
55.579845
55.581108
55.582451
55.583656
55.585014
55.586163
55.587486
55.588806
55.590099
55.591450
55.592850
55.594086
55.595543
55.596851
55.598061
55.599300
55.600613
55.601913
55.603199
55.604462
55.605873
55.607044
55.608437
55.609814
55.611099
55.612499
55.613770
55.615074
55.616413
55.617630
55.618977
55.620205
55.621464
55.622818
55.624138
55.625404
55.626831
55.628189
55.629387
55.630661
55.631863
55.633236
55.634438
55.635761
55.637123
55.638523
55.639717
55.641045
55.642345
55.643555
55.644875
55.646168
55.647438
55.648712
55.650082
55.651463
55.652668
55.653854
55.655289
55.656620
55.657875
55.659313
55.660557
55.661724
55.663143
55.664467
55.665688
55.667019
55.668301
55.669552
55.670856
55.672279
55.673588
55.674801
55.676086
55.677269
55.678463
55.679775
55.681099
55.682388
55.683712
55.684967
55.686264
55.687538
55.688869
55.690125
55.691463
55.692711
55.694118
55.695393
55.696720
55.698093
55.699482
55.700714
55.702019
55.703205
55.704498
55.705711
55.707039
55.708302
55.709637
55.710850
55.712288
55.713482
55.714668
55.715931
55.717213
55.718525
55.719818
55.721138
55.722511
55.723721
55.724907
55.726406
55.727657
55.728951
55.730206
55.731586
55.732887
55.734131
55.735371
55.736599
55.737957
55.739174
55.740475
55.741817
55.743183
55.744461
55.745811
55.747124
55.748314
55.749611
55.750881
55.752102
55.753319
55.754688
55.755856
55.757198
55.758450
55.759651
55.761024
55.762394
55.763733
55.765079
55.766361
55.767727
55.768887
55.770000
55.771236
55.772537
55.773689
55.775063
55.776436
55.777821
55.779137
55.780407
55.781670
55.782932
55.784237
55.785477
55.786564
55.787930
55.789276
55.790539
55.791904
55.793194
55.794552
55.795731
55.797092
55.798351
55.799480
55.800755
55.802044
55.803349
55.804539
55.805962
55.807304
55.808582
55.809898
55.811188
55.812363
55.813644
55.814919
55.816280
55.817493
55.818726
55.820099
55.821350
55.822681
55.823914
55.825237
55.826473
55.827789
55.829075
55.830345
55.831696
55.832943
55.834217
55.835457
55.836624
55.837936
55.839161
55.840473
55.841789
55.843193
55.844452
55.845612
55.846893
55.848244
55.849331
55.850563
55.851776
55.853012
55.854362
55.855644
55.856976
55.858257
55.859550
55.860825
55.862106
55.863377
55.864620
55.865883
55.867249
55.868477
55.869686
55.870983
55.872261
55.873493
55.874744
55.876080
55.877323
55.878563
55.879887
55.881195
55.882557
55.883732
55.884937
55.886200
55.887367
55.888699
55.889854
55.891029
55.892345
55.893726
55.895000
55.896355
55.897682
55.898945
55.900242
55.901539
55.902699
55.903969
55.905270
55.906445
55.907749
55.908981
55.910362
55.911594
55.912830
55.914192
55.915424
55.916695
55.918007
55.919258
55.920605
55.921932
55.923168
55.924339
55.925720
55.926914
55.928062
55.929325
55.930458
55.931831
55.933048
55.934338
55.935551
55.936836
55.938286
55.939526
55.940689
55.941963
55.943283
55.944492
55.945744
55.947044
55.948193
55.949345
55.950737
55.951920
55.953377
55.954662
55.955887
55.957058
55.958336
55.959648
55.960911
55.962181
55.963367
55.964657
55.965912
55.967319
55.968575
55.969669
55.970894
55.972244
55.973373
55.974739
55.976013
55.977238
55.978600
55.979931
55.981117
55.982407
55.983639
55.984886
55.986008
55.987293
55.988525
55.989788
55.991123
55.992382
55.993675
55.994995
55.996269
55.997524
55.998768
55.999920
56.001293
56.002464
56.003643
56.005020
56.006187
56.007439
56.008682
56.009995
56.011208
56.012444
56.013687
56.014999
56.016232
56.017387
56.018700
56.019882
56.021164
56.022461
56.023613
56.024963
56.026207
56.027336
56.028694
56.029861
56.031269
56.032475
56.033707
56.035019
56.036152
56.037308
56.038692
56.039917
56.041199
56.042507
56.043770
56.045082
56.046482
56.047638
56.048851
56.050037
56.051357
56.052658
56.053913
56.055214
56.056450
56.057632
56.058819
56.060158
56.061314
56.062607
56.063950
56.065189
56.066299
56.067707
56.069019
56.070164
56.071445
56.072613
56.073887
56.075188
56.076382
56.077648
56.078800
56.080093
56.081413
56.082512
56.083843
56.085007
56.086201
56.087475
56.088707
56.090008
56.091263
56.092506
56.093739
56.095020
56.096344
56.097561
56.098801
56.100037
56.101192
56.102375
56.103588
56.104912
56.106049
56.107338
56.108501
56.109901
56.111137
56.112301
56.113617
56.114876
56.116039
56.117214
56.118488
56.119843
56.121094
56.122295
56.123573
56.124920
56.126144
56.127350
56.128506
56.129738
56.130981
56.132175
56.133518
56.134731
56.135983
56.137138
56.138344
56.139706
56.140888
56.142170
56.143486
56.144783
56.146011
56.147289
56.148556
56.149738
56.150974
56.152233
56.153481
56.154694
56.156006
56.157169
56.158352
56.159557
56.160961
56.162155
56.163311
56.164619
56.165867
56.167145
56.168488
56.169693
56.170898
56.172119
56.173267
56.174587
56.175739
56.176949
56.178337
56.179482
56.180767
56.182045
56.183411
56.184631
56.185799
56.187019
56.188168
56.189301
56.190533
56.191914
56.193142
56.194462
56.195618
56.196869
56.198063
56.199348
56.200462
56.201618
56.202869
56.204067
56.205318
56.206593
56.207893
56.209133
56.210419
56.211670
56.212864
56.214161
56.215294
56.216488
56.217720
56.218956
56.220169
56.221443
56.222794
56.223930
56.225086
56.226425
56.227745
56.228931
56.230183
56.231426
56.232563
56.233746
56.234894
56.236267
56.237370
56.238682
56.240002
56.241108
56.242420
56.243626
56.244877
56.246162
56.247437
56.248592
56.249882
56.251011
56.252270
56.253437
56.254524
56.255775
56.257145
56.258350
56.259682
56.260937
56.262138
56.263287
56.264511
56.265663
56.266830
56.267975
56.269299
56.270599
56.271805
56.273048
56.274357
56.275520
56.276867
56.278206
56.279312
56.280479
56.281731
56.282936
56.284225
56.285431
56.286713
56.288044
56.289246
56.290501
56.291832
56.293049
56.294224
56.295414
56.296593
56.297783
56.299007
56.300232
56.301601
56.302864
56.304062
56.305214
56.306450
56.307682
56.308769
56.310005
56.311127
56.312332
56.313618
56.314857
56.316139
56.317436
56.318581
56.319786
56.321083
56.322388
56.323475
56.324680
56.325954
56.327080
56.328358
56.329483
56.330711
56.331844
56.333057
56.334393
56.335548
56.336807
56.338051
56.339355
56.340626
56.341820
56.343212
56.344414
56.345562
56.346836
56.347980
56.349194
56.350399
56.351562
56.352856
56.354057
56.355236
56.356487
56.357681
56.358845
56.360062
56.361225
56.362419
56.363674
56.364967
56.366211
56.367382
56.368595
56.369926
56.371017
56.372189
56.373451
56.374748
56.375854
56.377193
56.378338
56.379612
56.380905
56.382080
56.383213
56.384525
56.385796
56.387032
56.388199
56.389294
56.390438
56.391636
56.392944
56.394157
56.395264
56.396561
56.397861
56.399094
56.400326
56.401539
56.402782
56.404026
56.405193
56.406387
56.407730
56.408905
56.410114
56.411304
56.412514
56.413788
56.415100
56.416111
56.417412
56.418781
56.419899
56.421051
56.422375
56.423626
56.424870
56.425995
56.427143
56.428329
56.429493
56.430683
56.431820
56.433064
56.434330
56.435520
56.436718
56.437920
56.439167
56.440464
56.441692
56.442787
56.444107
56.445286
56.446617
56.447693
56.448883
56.450100
56.451405
56.452549
56.453720
56.455032
56.456177
56.457413
56.458618
56.459805
56.461056
56.462257
56.463474
56.464626
56.465805
56.466946
56.468174
56.469444
56.470608
56.471802
56.472958
56.474262
56.475464
56.476788
56.477989
56.479179
56.480282
56.481476
56.482742
56.483864
56.485062
56.486336
56.487614
56.488705
56.490013
56.491257
56.492508
56.493618
56.494812
56.496132
56.497375
56.498405
56.499596
56.500851
56.502029
56.503204
56.504414
56.505638
56.506851
56.508011
56.509399
56.510612
56.511814
56.513023
56.514194
56.515331
56.516487
56.517761
56.518982
56.520226
56.521492
56.522614
56.523830
56.525089
56.526249
56.527542
56.528793
56.529999
56.531189
56.532375
56.533680
56.534824
56.535942
56.537125
56.538330
56.539494
56.540569
56.541668
56.542870
56.544125
56.545483
56.546661
56.547836
56.549118
56.550236
56.551369
56.552761
56.553818
56.555012
56.556213
56.557526
56.558819
56.560070
56.561306
56.562370
56.563564
56.564869
56.565994
56.567036
56.568306
56.569462
56.570545
56.571850
56.572983
56.574219
56.575401
56.576637
56.577793
56.579094
56.580376
56.581543
56.582668
56.583794
56.585018
56.586205
56.587364
56.588661
56.589870
56.591156
56.592293
56.593426
56.594658
56.595921
56.597012
56.598206
56.599426
56.600708
56.601837
56.603088
56.604256
56.605442
56.606632
56.607777
56.609051
56.610298
56.611412
56.612675
56.613926
56.615070
56.616070
56.617325
56.618580
56.619755
56.620869
56.622082
56.623325
56.624443
56.625656
56.626888
56.628044
56.629383
56.630638
56.631744
56.633049
56.634270
56.635437
56.636600
56.637825
56.639011
56.640175
56.641411
56.642601
56.643780
56.644970
56.646156
56.647343
56.648602
56.649826
56.651001
56.652107
56.653332
56.654480
56.655724
56.656906
56.658150
56.659237
56.660480
56.661686
56.662712
56.664043
56.665268
56.666462
56.667557
56.668671
56.669968
56.671158
56.672314
56.673431
56.674644
56.675800
56.676994
56.678169
56.679325
56.680443
56.681763
56.683006
56.684208
56.685417
56.686611
56.687820
56.688911
56.690113
56.691277
56.692455
56.693707
56.694767
56.695919
56.697044
56.698357
56.699493
56.700706
56.701977
56.703106
56.704189
56.705379
56.706562
56.707863
56.709087
56.710320
56.711399
56.712730
56.713886
56.714993
56.716145
56.717323
56.718620
56.719757
56.721031
56.722168
56.723320
56.724564
56.725712
56.726952
56.728149
56.729393
56.730507
56.731743
56.732967
56.734138
56.735245
56.736488
56.737701
56.738930
56.740150
56.741337
56.742325
56.743439
56.744720
56.745968
56.747169
56.748287
56.749439
56.750645
56.751823
56.753056
56.754124
56.755333
56.756500
56.757645
56.758976
56.760120
56.761250
56.762348
56.763474
56.764725
56.765862
56.766968
56.768158
56.769356
56.770451
56.771717
56.772957
56.774181
56.775356
56.776405
56.777599
56.778824
56.780018
56.781338
56.782444
56.783619
56.784725
56.785961
56.787186
56.788288
56.789375
56.790699
56.791870
56.793026
56.794174
56.795319
56.796574
56.797836
56.799057
56.800167
56.801376
56.802486
56.803787
56.804825
56.805992
56.807175
56.808395
56.809555
56.810814
56.811817
56.813118
56.814381
56.815475
56.816769
56.817955
56.818993
56.820114
56.821350
56.822414
56.823624
56.824825
56.826107
56.827217
56.828468
56.829670
56.830856
56.831989
56.833164
56.834339
56.835468
56.836750
56.837837
56.839081
56.840244
56.841339
56.842636
56.843689
56.844845
56.846043
56.847233
56.848431
56.849545
56.850620
56.851826
56.852974
56.854088
56.855282
56.856480
56.857700
56.858925
56.860107
56.861275
56.862488
56.863605
56.864807
56.865955
56.867081
56.868286
56.869442
56.870644
56.871899
56.873020
56.874187
56.875374
56.876495
56.877743
56.878975
56.880024
56.881161
56.882267
56.883514
56.884689
56.885826
56.886986
56.888130
56.889389
56.890633
56.891869
56.893063
56.894287
56.895405
56.896500
56.897694
56.898792
56.899879
56.900993
56.902100
56.903255
56.904461
56.905624
56.906845
56.908169
56.909382
56.910511
56.911686
56.912937
56.914074
56.915176
56.916306
56.917625
56.918652
56.919800
56.921036
56.922333
56.923492
56.924606
56.925831
56.927017
56.928074
56.929211
56.930424
56.931526
56.932575
56.933712
56.934864
56.936020
56.937199
56.938389
56.939575
56.940800
56.941898
56.943138
56.944389
56.945576
56.946712
56.947857
56.949013
56.950317
56.951424
56.952461
56.953682
56.954830
56.956032
56.957188
56.958248
56.959469
56.960693
56.961849
56.962936
56.964138
56.965225
56.966339
56.967487
56.968639
56.969780
56.971138
56.972286
56.973488
56.974583
56.975868
56.977013
56.978287
56.979355
56.980663
56.981758
56.982857
56.983982
56.985069
56.986256
56.987431
56.988632
56.989807
56.990868
56.992157
56.993252
56.994350
56.995613
56.996719
56.997917
56.999249
57.000370
57.001461
57.002636
57.003742
57.004818
57.006020
57.007275
57.008381
57.009487
57.010651
57.011887
57.013058
57.014118
57.015343
57.016548
57.017761
57.018837
57.019951
57.021027
57.022243
57.023468
57.024513
57.025661
57.026913
57.028149
57.029251
57.030582
57.031620
57.032761
57.033993
57.035198
57.036320
57.037342
57.038486
57.039680
57.040794
57.041904
57.043125
57.044407
57.045502
57.046669
57.047817
57.049038
57.050301
57.051357
57.052605
57.053730
57.054901
57.056038
57.057213
57.058331
57.059483
57.060570
57.061695
57.062851
57.063892
57.065113
57.066189
57.067417
57.068607
57.069920
57.071098
57.072212
57.073456
57.074436
57.075592
57.076820
57.078136
57.079105
57.080261
57.081505
57.082592
57.083645
57.084858
57.085949
57.087086
57.088261
57.089508
57.090725
57.091888
57.093048
57.094162
57.095337
57.096375
57.097462
57.098644
57.099781
57.100876
57.102013
57.103207
57.104492
57.105625
57.106720
57.107964
57.109093
57.110237
57.111450
57.112724
57.113861
57.115036
57.116199
57.117317
57.118401
57.119476
57.120705
57.121811
57.122974
57.124218
57.125237
57.126381
57.127583
57.128777
57.129932
57.131149
57.132198
57.133320
57.134495
57.135643
57.136883
57.137951
57.139126
57.140205
57.141350
57.142544
57.143776
57.144951
57.146019
57.147125
57.148289
57.149368
57.150482
57.151569
57.152763
57.154011
57.155251
57.156483
57.157692
57.158798
57.159863
57.161095
57.162239
57.163300
57.164425
57.165646
57.166786
57.167870
57.168957
57.170044
57.171200
57.172394
57.173542
57.174644
57.175774
57.177071
57.178219
57.179420
57.180481
57.181694
57.182800
57.183781
57.185070
57.186287
57.187500
57.188530
57.189720
57.190861
57.192036
57.193249
57.194420
57.195480
57.196529
57.197876
57.198944
57.200005
57.201042
57.202251
57.203411
57.204670
57.205795
57.206989
57.208138
57.209324
57.210430
57.211544
57.212780
57.213737
57.215008
57.216118
57.217312
57.218395
57.219536
57.220543
57.221783
57.222855
57.224068
57.225220
57.226414
57.227505
57.228626
57.229763
57.230976
57.232189
57.233337
57.234230
57.235344
57.236614
57.237667
57.238674
57.239933
57.241180
57.242317
57.243526
57.244686
57.245808
57.246983
57.247971
57.249199
57.250389
57.251518
57.252575
57.253830
57.254951
57.256187
57.257324
57.258663
57.259773
57.260895
57.262157
57.263256
57.264324
57.265461
57.266586
57.267731
57.268829
57.269974
57.271019
57.272079
57.273212
57.274380
57.275532
57.276669
57.277905
57.279064
57.280201
57.281349
57.282650
57.283611
57.284687
57.285858
57.286919
57.288143
57.289249
57.290363
57.291363
57.292488
57.293732
57.294895
57.295986
57.297089
57.298325
57.299500
57.300613
57.301769
57.302830
57.303932
57.305069
57.306332
57.307281
57.308426
57.309589
57.310818
57.311924
57.312981
57.314274
57.315456
57.316582
57.317764
57.319019
57.320187
57.321224
57.322361
57.323513
57.324696
57.325813
57.326923
57.328125
57.329105
57.330280
57.331383
57.332424
57.333557
57.334789
57.335976
57.337017
57.338177
57.339363
57.340546
57.341743
57.342857
57.343925
57.345131
57.346313
57.347500
57.348743
57.349827
57.350937
57.352020
57.353207
57.354301
57.355400
57.356548
57.357536
57.358692
57.359776
57.360863
57.361801
57.362911
57.364105
57.365261
57.366482
57.367577
57.368881
57.370064
57.371189
57.372417
57.373562
57.374767
57.375912
57.377029
57.378162
57.379250
57.380383
57.381401
57.382530
57.383762
57.384945
57.385895
57.387039
57.388245
57.389225
57.390507
57.391636
57.392818
57.393906
57.394955
57.396130
57.397205
57.398430
57.399506
57.400620
57.401875
57.402874
57.404045
57.405136
57.406445
57.407494
57.408607
57.409744
57.410927
57.411938
57.413055
57.414162
57.415382
57.416550
57.417664
57.418819
57.419968
57.421131
57.422195
57.423306
57.424507
57.425575
57.426731
57.427917
57.429039
57.430111
57.431244
57.432289
57.433369
57.434483
57.435612
57.436676
57.437969
57.439064
57.440155
57.441380
57.442631
57.443813
57.444767
57.446014
57.447224
57.448288
57.449383
57.450462
57.451637
57.452656
57.453789
57.454937
57.456081
57.457214
57.458332
57.459526
57.460701
57.461819
57.462963
57.464188
57.465355
57.466343
57.467514
57.468620
57.469727
57.470757
57.471855
57.473011
57.474117
57.475239
57.476311
57.477501
57.478737
57.479813
57.480862
57.482014
57.483070
57.484158
57.485336
57.486389
57.487431
57.488476
57.489639
57.490856
57.492031
57.493130
57.494244
57.495476
57.496555
57.497669
57.498852
57.500069
57.501137
57.502125
57.503181
57.504276
57.505344
57.506508
57.507576
57.508808
57.509956
57.511024
57.512245
57.513332
57.514481
57.515686
57.516945
57.517994
57.519039
57.520157
57.521355
57.522476
57.523632
57.524601
57.525639
57.526981
57.528095
57.529175
57.530243
57.531536
57.532787
57.533932
57.535046
57.536095
57.537136
57.538330
57.539345
57.540501
57.541645
57.542755
57.543774
57.544868
57.546089
57.547127
57.548302
57.549351
57.550556
57.551693
57.552864
57.553974
57.555038
57.556149
57.557255
57.558327
57.559380
57.560436
57.561539
57.562656
57.563824
57.564926
57.566170
57.567383
57.568501
57.569637
57.570713
57.571762
57.573006
57.574188
57.575264
57.576286
57.577564
57.578663
57.579720
57.580708
57.581863
57.582851
57.583988
57.585125
57.586338
57.587555
57.588707
57.589680
57.590824
57.591927
57.593037
57.594154
57.595314
57.596382
57.597614
57.598682
57.599594
57.600605
57.601875
57.603050
57.604195
57.605145
57.606430
57.607513
57.608593
57.609688
57.610912
57.612011
57.613155
57.614201
57.615425
57.616425
57.617401
57.618549
57.619755
57.620842
57.622017
57.623013
57.624237
57.625420
57.626598
57.627632
57.628838
57.629955
57.631195
57.632305
57.633400
57.634468
57.635532
57.636574
57.637745
57.638901
57.640007
57.641068
57.642151
57.643280
57.644474
57.645576
57.646599
57.647713
57.648926
57.650070
57.650986
57.652245
57.653439
57.654537
57.655769
57.656864
57.657951
57.659023
57.660175
57.661381
57.662411
57.663445
57.664524
57.665649
57.666718
57.667732
57.668926
57.670052
57.671158
57.672161
57.673283
57.674393
57.675583
57.676624
57.677727
57.678963
57.680111
57.681271
57.682232
57.683483
57.684551
57.685658
57.686825
57.687923
57.689026
57.690117
57.691170
57.692245
57.693336
57.694550
57.695564
57.696686
57.697720
57.698750
57.699886
57.701031
57.702271
57.703362
57.704494
57.705555
57.706661
57.707806
57.708862
57.709938
57.710995
57.712318
57.713581
57.714569
57.715668
57.716820
57.717979
57.718918
57.720070
57.721146
57.722267
57.723400
57.724548
57.725681
57.726837
57.728043
57.729080
57.730118
57.731239
57.732380
57.733475
57.734589
57.735886
57.736988
57.738098
57.739025
57.740086
57.741161
57.742405
57.743511
57.744545
57.745712
57.746788
57.747932
57.748943
57.750095
57.751301
57.752350
57.753414
57.754417
57.755455
57.756676
57.757706
57.758808
57.760014
57.761070
57.762226
57.763275
57.764412
57.765438
57.766674
57.767818
57.768936
57.769955
57.771011
57.772106
57.773357
57.774502
57.775608
57.776642
57.777649
57.778645
57.779739
57.780846
57.782005
57.783089
57.784256
57.785400
57.786556
57.787743
57.788719
57.789913
57.791012
57.792217
57.793289
57.794476
57.795544
57.796631
57.797714
57.798851
57.800018
57.801113
57.802151
57.803158
57.804237
57.805424
57.806511
57.807674
57.808693
57.809868
57.811020
57.812057
57.813126
57.814289
57.815300
57.816467
57.817501
57.818714
57.819805
57.820843
57.822044
57.823112
57.824120
57.825314
57.826443
57.827442
57.828514
57.829582
57.830750
57.831921
57.833008
57.834095
57.835075
57.836239
57.837296
57.838474
57.839561
57.840775
57.841824
57.842964
57.844086
57.845108
57.846176
57.847336
57.848400
57.849468
57.850624
57.851768
57.852936
57.854019
57.855106
57.856213
57.857273
57.858318
57.859333
57.860600
57.861683
57.862823
57.863911
57.865044
57.866020
57.867039
57.868187
57.869343
57.870457
57.871513
57.872650
57.873756
57.874924
57.875969
57.877014
57.878132
57.879230
57.880394
57.881508
57.882629
57.883743
57.884914
57.885876
57.887039
57.888145
57.889282
57.890350
57.891388
57.892456
57.893532
57.894630
57.895744
57.896805
57.897888
57.898994
57.900024
57.901226
57.902336
57.903439
57.904438
57.905663
57.906761
57.907806
57.908962
57.910107
57.911274
57.912338
57.913387
57.914513
57.915451
57.916557
57.917675
57.918652
57.919827
57.921062
57.922138
57.923119
57.924126
57.925320
57.926308
57.927483
57.928513
57.929737
57.930843
57.931862
57.933006
57.934170
57.935349
57.936295
57.937405
57.938507
57.939564
57.940731
57.941849
57.942886
57.943951
57.945087
57.946133
57.947350
57.948425
57.949512
57.950729
57.951832
57.952919
57.953911
57.954929
57.956093
57.957058
57.958176
57.959213
57.960411
57.961475
57.962593
57.963745
57.964874
57.965912
57.966957
57.968105
57.969219
57.970245
57.971363
57.972469
57.973511
57.974575
57.975750
57.976864
57.977962
57.979061
57.980049
57.981094
57.982224
57.983406
57.984402
57.985405
57.986526
57.987652
57.988773
57.989895
57.991013
57.992092
57.993130
57.994217
57.995281
57.996483
57.997623
57.998798
57.999767
58.000843
58.002068
58.003220
58.004280
58.005142
58.006302
58.007458
58.008507
58.009663
58.010670
58.011730
58.012825
58.013832
58.014874
58.016106
58.017250
58.018356
58.019432
58.020557
58.021744
58.022736
58.023895
58.024948
58.026031
58.027149
58.028217
58.029274
58.030376
58.031502
58.032532
58.033707
58.034611
58.035831
58.036957
58.037918
58.038975
58.040100
58.041149
58.042332
58.043369
58.044487
58.045555
58.046776
58.047874
58.048988
58.050026
58.051136
58.052219
58.053268
58.054451
58.055569
58.056606
58.057537
58.058655
58.059689
58.060658
58.061787
58.062939
58.063938
58.065083
58.066250
58.067413
58.068523
58.069656
58.070751
58.071857
58.072929
58.073914
58.074982
58.076107
58.077244
58.078339
58.079330
58.080242
58.081314
58.082287
58.083412
58.084438
58.085613
58.086750
58.087830
58.089100
58.090244
58.091370
58.092495
58.093563
58.094631
58.095779
58.096863
58.097939
58.098999
58.100025
58.101086
58.102142
58.103264
58.104294
58.105358
58.106476
58.107494
58.108543
58.109638
58.110725
58.111889
58.113049
58.114201
58.115250
58.116295
58.117386
58.118343
58.119549
58.120583
58.121700
58.122894
58.124058
58.125175
58.126236
58.127254
58.128307
58.129501
58.130501
58.131470
58.132568
58.133762
58.134781
58.135857
58.137100
58.138062
58.139168
58.140182
58.141220
58.142288
58.143307
58.144386
58.145531
58.146599
58.147675
58.148876
58.150120
58.151100
58.152107
58.153137
58.154362
58.155407
58.156532
58.157619
58.158699
58.159756
58.160786
58.161850
58.162750
58.163818
58.164944
58.166069
58.167145
58.168163
58.169300
58.170418
58.171513
58.172607
58.173687
58.174873
58.175930
58.176983
58.178101
58.179237
58.180370
58.181244
58.182323
58.183483
58.184593
58.185619
58.186646
58.187733
58.188713
58.189987
58.191017
58.192043
58.193211
58.194248
58.195339
58.196377
58.197475
58.198605
58.199661
58.200832
58.201958
58.203030
58.204124
58.205242
58.206226
58.207245
58.208351
58.209354
58.210495
58.211456
58.212524
58.213612
58.214718
58.215801
58.216961
58.218025
58.219002
58.220161
58.221176
58.222336
58.223419
58.224499
58.225639
58.226727
58.227787
58.228882
58.229958
58.230999
58.232037
58.233105
58.234138
58.235344
58.236362
58.237438
58.238449
58.239498
58.240639
58.241680
58.242901
58.243931
58.244980
58.246067
58.247158
58.248230
58.249325
58.250355
58.251480
58.252583
58.253662
58.254658
58.255749
58.256775
58.257870
58.259014
58.259998
58.261070
58.262188
58.263168
58.264374
58.265411
58.266594
58.267731
58.268726
58.269619
58.270657
58.271919
58.273094
58.274162
58.275211
58.276188
58.277336
58.278389
58.279530
58.280525
58.281601
58.282700
58.283680
58.284657
58.285706
58.286839
58.288067
58.289276
58.290298
58.291294
58.292381
58.293400
58.294449
58.295486
58.296482
58.297512
58.298542
58.299637
58.300781
58.301899
58.302956
58.303974
58.305061
58.306198
58.307381
58.308567
58.309669
58.310776
58.311855
58.312801
58.313843
58.314999
58.316063
58.317207
58.318130
58.319237
58.320114
58.321194
58.322163
58.323364
58.324329
58.325363
58.326450
58.327648
58.328671
58.329777
58.330933
58.332142
58.333336
58.334255
58.335274
58.336369
58.337532
58.338688
58.339714
58.340744
58.341831
58.342945
58.344032
58.344986
58.346050
58.347099
58.348087
58.349194
58.350201
58.351242
58.352276
58.353420
58.354431
58.355461
58.356567
58.357620
58.358807
58.359875
58.360970
58.362076
58.363113
58.364223
58.365208
58.366142
58.367355
58.368343
58.369427
58.370525
58.371693
58.372787
58.373844
58.374832
58.375908
58.376957
58.378082
58.379063
58.380169
58.381229
58.382423
58.383480
58.384487
58.385551
58.386688
58.387680
58.388763
58.389755
58.390957
58.391937
58.392937
58.394062
58.395199
58.396351
58.397449
58.398537
58.399517
58.400555
58.401695
58.402744
58.403786
58.404869
58.405880
58.407104
58.408169
58.409092
58.410080
58.411186
58.412437
58.413467
58.414639
58.415627
58.416756
58.417900
58.418949
58.420155
58.421173
58.422142
58.423168
58.424282
58.425388
58.426327
58.427368
58.428570
58.429638
58.430569
58.431519
58.432625
58.433723
58.434868
58.435856
58.436920
58.437943
58.439049
58.440006
58.441105
58.442120
58.443218
58.444263
58.445393
58.446556
58.447495
58.448532
58.449539
58.450649
58.451775
58.452850
58.453949
58.454926
58.455982
58.456989
58.457993
58.459202
58.460163
58.461189
58.462280
58.463364
58.464500
58.465473
58.466618
58.467743
58.468868
58.469936
58.471004
58.471981
58.473076
58.474167
58.475231
58.476238
58.477314
58.478352
58.479561
58.480507
58.481468
58.482624
58.483681
58.484680
58.485764
58.486881
58.488083
58.489037
58.490131
58.491043
58.492077
58.493244
58.494225
58.495407
58.496376
58.497437
58.498589
58.499676
58.500793
58.501938
58.502998
58.504150
58.505177
58.506176
58.507336
58.508427
58.509544
58.510574
58.511677
58.512737
58.513805
58.514969
58.515987
58.517036
58.518063
58.519012
58.520020
58.521019
58.522076
58.523106
58.524113
58.525219
58.526230
58.527237
58.528370
58.529495
58.530525
58.531536
58.532707
58.533749
58.534882
58.535820
58.536926
58.538067
58.538982
58.539982
58.540924
58.542130
58.543274
58.544224
58.545208
58.546318
58.547462
58.548424
58.549526
58.550587
58.551670
58.552681
58.553719
58.554729
58.555855
58.556892
58.557999
58.559143
58.560181
58.561226
58.562248
58.563251
58.564381
58.565445
58.566486
58.567406
58.568512
58.569599
58.570648
58.571732
58.572731
58.573887
58.574936
58.575836
58.576962
58.578098
58.579048
58.580105
58.581245
58.582325
58.583355
58.584469
58.585575
58.586655
58.587818
58.588837
58.589954
58.590958
58.591908
58.592918
58.594036
58.595051
58.596058
58.597198
58.598183
58.599350
58.600418
58.601467
58.602612
58.603580
58.604599
58.605667
58.606789
58.608158
58.609150
58.610020
58.611019
58.612164
58.613312
58.614414
58.615475
58.616531
58.617588
58.618649
58.619694
58.620712
58.621761
58.622818
58.623833
58.624802
58.625824
58.626945
58.628082
58.629211
58.630177
58.631161
58.632130
58.633106
58.634136
58.635151
58.636200
58.637333
58.638443
58.639477
58.640488
58.641624
58.642780
58.643745
58.644844
58.645844
58.646919
58.647900
58.649044
58.650139
58.651199
58.652325
58.653324
58.654362
58.655376
58.656456
58.657413
58.658436
58.659393
58.660492
58.661583
58.662556
58.663651
58.664757
58.665737
58.666695
58.667717
58.668808
58.670006
58.671124
58.672218
58.673317
58.674355
58.675476
58.676613
58.677670
58.678806
58.679729
58.680824
58.681770
58.682800
58.683849
58.684883
58.685932
58.686993
58.688068
58.689163
58.690189
58.691280
58.692192
58.693230
58.694286
58.695232
58.696362
58.697395
58.698502
58.699520
58.700432
58.701462
58.702637
58.703655
58.704739
58.705898
58.706837
58.707954
58.709026
58.710098
58.711193
58.712364
58.713367
58.714394
58.715405
58.716442
58.717495
58.718544
58.719776
58.720856
58.721756
58.722725
58.723736
58.724770
58.725849
58.726894
58.727882
58.728912
58.729961
58.731014
58.732220
58.733356
58.734413
58.735386
58.736538
58.737564
58.738682
58.739655
58.740898
58.742004
58.743057
58.744007
58.744949
58.746101
58.747200
58.748150
58.749088
58.750080
58.751030
58.752205
58.753170
58.754269
58.755356
58.756451
58.757492
58.758480
58.759605
58.760525
58.761623
58.762569
58.763687
58.764717
58.765713
58.766743
58.767895
58.768936
58.770031
58.771000
58.771999
58.773026
58.774139
58.775143
58.776344
58.777351
58.778423
58.779449
58.780479
58.781425
58.782375
58.783463
58.784489
58.785595
58.786606
58.787655
58.788670
58.789623
58.790745
58.791801
58.792912
58.793861
58.794949
58.795994
58.796883
58.797894
58.799049
58.800106
58.801239
58.802418
58.803417
58.804501
58.805519
58.806499
58.807617
58.808762
58.809673
58.810707
58.811886
58.813030
58.814125
